8	9
10	11
12	13
14	15
16	17
20	21
23	24
26	27
29	30
37	38
39	40
41	42
43	44
45	46
48	49
51	52
54	55
57	58
59	60
61	62
65	66
67	68
77	78
79	80
82	83
84	85
87	88
90	91
94	95
96	97
98	99
100	101
102	103
112	113
114	115
118	119
120	121
122	123
124	125
128	129
133	134
138	139
140	141
142	143
144	145
147	148
153	154
155	156
159	160
163	164
171	172
174	175
183	184
187	188
190	191
192	193
194	195
196	197
199	200
203	204
208	209
210	211
212	213
217	218
220	221
222	223
235	236
237	238
241	242
243	244
246	247
248	249
250	251
252	253
254	255
256	257
258	259
260	261
262	263
264	265
266	267
272	273
274	275
277	278
279	280
281	282
287	288
290	291
293	294
298	299
303	304
305	306
308	309
312	313
314	315
319	320
322	323
324	325
327	328
334	335
337	338
345	346
347	348
350	351
352	353
354	355
356	357
358	359
365	366
368	369
372	373
376	377
378	379
380	381
382	383
390	391
394	395
397	398
399	400
401	402
403	404
406	407
411	412
413	414
415	416
419	420
422	423
424	425
430	431
434	435
438	439
442	443
447	448
450	451
452	453
459	460
461	462
466	467
468	469
471	472
476	477
478	479
482	483
484	485
491	492
493	494
495	496
497	498
499	500
501	502
505	506
509	510
513	514
516	517
518	519
520	521
526	527
528	529
533	534
535	536
538	539
541	542
543	544
546	547
548	549
551	552
553	554
556	557
558	559
562	563
564	565
567	568
575	576
579	580
581	582
584	585
586	587
588	589
591	592
596	597
598	599
604	605
609	610
611	612
621	622
624	625
630	631
632	633
637	638
639	640
643	644
646	647
650	651
659	660
661	662
664	665
669	670
679	680
681	682
683	684
685	686
687	688
689	690
692	693
694	695
696	697
705	706
713	714
715	716
719	720
722	723
726	727
728	729
731	732
735	736
738	739
744	745
747	748
749	750
751	752
753	754
756	757
760	761
763	764
768	769
772	773
774	775
776	777
778	779
780	781
782	783
784	785
801	802
804	805
808	809
810	811
813	814
815	816
817	818
819	820
833	834
836	837
839	840
842	843
848	849
851	852
853	854
855	856
859	860
861	862
865	866
868	869
870	871
874	875
876	877
881	882
883	884
886	887
892	893
894	895
898	899
900	901
909	910
912	913
914	915
919	920
921	922
924	925
927	928
929	930
936	937
941	942
943	944
948	949
955	956
957	958
960	961
962	963
964	965
967	968
972	973
979	980
982	983
987	988
989	990
991	992
993	994
996	997
998	999
1000	1001
1002	1003
1004	1005
1006	1007
1008	1009
1010	1011
1012	1013
1014	1015
1016	1017
1018	1019
1021	1022
1023	1024
1025	1026
1027	1028
1029	1030
1031	1032
1033	1034
1036	1037
1041	1042
1047	1048
1056	1057
1058	1059
1060	1061
1065	1066
1069	1070
1072	1073
1078	1079
1080	1081
1083	1084
1091	1092
1093	1094
1095	1096
1097	1098
1101	1102
1103	1104
1105	1106
1108	1109
1110	1111
1115	1116
1117	1118
1123	1124
1126	1127
1129	1130
1132	1133
1134	1135
1143	1144
1152	1153
1161	1162
1163	1164
1166	1167
1168	1169
1172	1173
1176	1177
1184	1185
1187	1188
1189	1190
1193	1194
1196	1197
1201	1202
1203	1204
1205	1206
1207	1208
1210	1211
1212	1213
1218	1219
1221	1222
1228	1229
1231	1232
1234	1235
1236	1237
1239	1240
1241	1242
1243	1244
1245	1246
1247	1248
1252	1253
1255	1256
1260	1261
1262	1263
1264	1265
1269	1270
1271	1272
1275	1276
1279	1280
1283	1284
1287	1288
1293	1294
1298	1299
1300	1301
1302	1303
1304	1305
1308	1309
1311	1312
1314	1315
1316	1317
1318	1319
1320	1321
1324	1325
1326	1327
1329	1330
1331	1332
1333	1334
1341	1342
1346	1347
1349	1350
1351	1352
1353	1354
1355	1356
1357	1358
1359	1360
1361	1362
1365	1366
1368	1369
1373	1374
1375	1376
1378	1379
1382	1383
1384	1385
1388	1389
1395	1396
1398	1399
1401	1402
1403	1404
1408	1409
1410	1411
1412	1413
1416	1417
1420	1421
1422	1423
1425	1426
1427	1428
1430	1431
1432	1433
1435	1436
1437	1438
1440	1441
1442	1443
1445	1446
1447	1448
