48	12	1	1
48	637	1	1
442	12	1	1
442	637	1	1
669	442	2	1
669	9	2	1
1	442	2	1
1	9	2	1
116	178	3	1
116	13	3	1
1	178	3	1
1	13	3	1
221	12	4	1
221	254	4	1
97	12	4	1
97	254	4	1
880	284	5	1
880	21	5	1
10	284	5	1
10	21	5	1
796	797	6	1
796	19	6	1
17	797	6	1
17	19	6	1
797	796	7	1
19	796	7	1
795	796	8	1
795	6	8	1
795	1	8	1
7	796	8	1
7	6	8	1
7	1	8	1
5	796	8	1
5	6	8	1
5	1	8	1
59	796	8	1
59	6	8	1
59	1	8	1
794	795	9	1
794	11	9	1
791	792	10	1
791	19	10	1
17	792	10	1
17	19	10	1
585	595	11	1
585	11	11	1
585	13	11	1
1	595	11	1
1	11	11	1
1	13	11	1
582	832	12	1
582	22	12	1
23	832	12	1
23	22	12	1
832	582	13	1
22	582	13	1
832	23	13	1
22	23	13	1
380	354	14	1
2	8	15	1
2	549	15	1
484	8	15	1
484	549	15	1
8	484	16	1
549	484	16	1
485	268	17	1
485	95	17	1
1	268	17	1
1	95	17	1
195	216	18	1
195	289	18	1
1	216	18	1
1	289	18	1
216	195	19	1
2	8	20	1
2	195	20	1
227	8	20	1
227	195	20	1
8	227	21	1
195	227	21	1
227	195	22	1
54	195	22	1
227	20	22	1
54	20	22	1
2	8	23	1
2	9	23	1
2	496	23	1
402	8	23	1
402	9	23	1
402	496	23	1
11	8	23	1
11	9	23	1
11	496	23	1
8	402	24	1
496	402	24	1
1	26	25	1
1	69	25	1
336	26	25	1
336	69	25	1
79	20	26	1
54	20	26	1
60	98	27	1
60	12	27	1
1	98	27	1
1	12	27	1
2	8	28	1
2	60	28	1
79	8	28	1
79	60	28	1
8	79	29	1
189	191	30	1
189	6	30	1
5	191	30	1
5	6	30	1
59	191	30	1
59	6	30	1
25	14	32	1
25	336	32	1
69	14	32	1
69	336	32	1
740	739	33	1
739	740	34	1
1174	1083	35	1
1174	12	35	1
1	1083	35	1
1	12	35	1
2	8	36	1
2	1148	36	1
1147	8	36	1
1147	1148	36	1
8	1147	37	1
1148	1147	37	1
707	1167	38	1
1167	707	39	1
140	380	40	1
380	140	41	1
1111	958	42	1
1111	21	42	1
10	958	42	1
10	21	42	1
166	89	43	1
460	20	44	1
460	89	44	1
20	460	45	1
89	460	45	1
64	193	46	1
64	161	46	1
89	193	46	1
89	161	46	1
193	64	47	1
161	64	47	1
193	89	47	1
161	89	47	1
332	89	48	1
332	63	48	1
89	332	49	1
63	332	49	1
618	84	50	1
618	89	50	1
84	618	51	1
89	618	51	1
224	84	52	1
224	89	52	1
84	224	53	1
89	224	53	1
443	678	54	1
443	9	54	1
1	678	54	1
1	9	54	1
678	443	55	1
2	18	56	1
2	117	56	1
2	12	56	1
175	18	56	1
175	117	56	1
175	12	56	1
10	18	56	1
10	117	56	1
10	12	56	1
18	175	57	1
117	175	57	1
391	74	58	1
391	28	58	1
194	74	58	1
194	28	58	1
35	12	59	1
35	73	59	1
318	12	59	1
318	73	59	1
73	318	60	1
73	448	61	1
73	1	61	1
800	1075	62	1
800	19	62	1
17	1075	62	1
17	19	62	1
1075	800	63	1
19	800	63	1
641	794	64	1
641	12	64	1
118	794	64	1
118	12	64	1
1149	1150	65	1
1150	1149	66	1
1146	1147	67	1
1147	1146	68	1
1148	84	69	1
1148	1145	69	1
84	1148	70	1
1145	1148	70	1
2	301	71	1
2	12	71	1
2	18	73	1
2	12	73	1
1	18	73	1
1	12	73	1
2	8	74	1
2	675	74	1
459	8	74	1
459	675	74	1
8	459	75	1
675	459	75	1
592	675	76	1
592	718	76	1
592	53	76	1
592	44	76	1
592	167	76	1
17	675	76	1
17	718	76	1
17	53	76	1
17	44	76	1
17	167	76	1
2	8	77	1
2	562	77	1
477	8	77	1
477	562	77	1
8	477	78	1
562	477	78	1
448	975	79	1
975	448	80	1
302	86	81	1
349	1003	82	1
349	5	82	1
349	59	82	1
6	1003	82	1
6	5	82	1
6	59	82	1
1003	349	83	1
302	86	84	1
413	84	85	1
413	303	85	1
84	413	86	1
303	413	86	1
302	344	87	1
302	4	87	1
302	59	87	1
3	344	87	1
3	4	87	1
3	59	87	1
1	344	87	1
1	4	87	1
1	59	87	1
302	344	88	1
302	5	88	1
302	59	88	1
6	344	88	1
6	5	88	1
6	59	88	1
1	344	88	1
1	5	88	1
1	59	88	1
623	22	89	1
623	5	89	1
623	59	89	1
6	22	89	1
6	5	89	1
6	59	89	1
1	22	89	1
1	5	89	1
1	59	89	1
623	22	90	1
623	4	90	1
623	59	90	1
3	22	90	1
3	4	90	1
3	59	90	1
1	22	90	1
1	4	90	1
1	59	90	1
20	181	91	1
1089	1088	92	1
721	720	93	1
720	734	94	1
720	1	94	1
734	720	95	1
723	722	96	1
2	8	97	1
2	148	97	1
226	8	97	1
226	148	97	1
8	226	98	1
148	226	98	1
147	657	99	1
147	4	99	1
147	59	99	1
3	657	99	1
3	4	99	1
3	59	99	1
657	147	100	1
356	147	101	1
356	1	101	1
2	8	102	1
2	666	102	1
147	8	102	1
147	666	102	1
99	148	103	1
99	43	103	1
263	148	103	1
263	43	103	1
148	99	104	1
43	99	104	1
148	263	104	1
43	263	104	1
99	148	105	1
99	80	105	1
200	148	105	1
200	80	105	1
527	130	106	1
527	13	106	1
1	130	106	1
1	13	106	1
13	141	107	1
13	4	107	1
13	59	107	1
3	141	107	1
3	4	107	1
3	59	107	1
1	141	107	1
1	4	107	1
1	59	107	1
696	12	109	1
696	409	109	1
696	11	109	1
1120	12	109	1
1120	409	109	1
1120	11	109	1
324	69	110	1
52	565	111	1
52	18	111	1
8	565	111	1
8	18	111	1
565	8	112	1
18	8	112	1
295	1007	113	1
574	998	114	1
574	1	114	1
998	610	115	1
998	10	115	1
1	610	115	1
1	10	115	1
2	289	116	1
2	873	116	1
788	289	116	1
788	873	116	1
873	788	117	1
2	18	118	1
2	90	118	1
88	18	118	1
88	90	118	1
18	88	119	1
90	88	119	1
870	182	120	1
405	182	121	1
596	39	122	1
596	181	122	1
1	39	122	1
1	181	122	1
706	80	123	1
706	812	123	1
1073	80	123	1
1073	812	123	1
80	706	124	1
812	706	124	1
80	1073	124	1
812	1073	124	1
916	917	125	1
916	12	125	1
48	917	125	1
48	12	125	1
917	916	126	1
917	918	127	1
917	8	127	1
2	918	127	1
2	8	127	1
918	917	128	1
8	917	128	1
20	919	129	1
20	11	129	1
89	919	129	1
89	11	129	1
918	920	130	1
918	43	130	1
977	979	131	1
39	979	131	1
747	205	132	1
308	608	133	1
1	608	133	1
608	308	134	1
670	308	135	1
670	33	135	1
598	293	136	1
48	43	137	1
48	12	137	1
48	658	137	1
601	43	137	1
601	12	137	1
601	658	137	1
74	43	137	1
74	12	137	1
74	658	137	1
294	219	138	1
294	4	138	1
294	59	138	1
3	219	138	1
3	4	138	1
3	59	138	1
1	219	138	1
1	4	138	1
1	59	138	1
49	22	139	1
49	223	139	1
64	22	139	1
64	223	139	1
22	49	140	1
223	49	140	1
22	64	140	1
223	64	140	1
2	8	141	1
2	64	141	1
72	8	141	1
72	64	141	1
8	72	142	1
64	72	142	1
224	64	143	1
224	9	143	1
1	64	143	1
1	9	143	1
223	64	144	1
223	13	144	1
1	64	144	1
1	13	144	1
48	85	145	1
48	224	145	1
64	85	145	1
64	224	145	1
85	64	146	1
224	64	146	1
126	183	147	1
415	618	148	1
415	8	148	1
2	618	148	1
2	8	148	1
48	85	149	1
48	618	149	1
415	85	149	1
415	618	149	1
17	664	150	1
17	402	150	1
412	664	150	1
412	402	150	1
664	412	151	1
402	412	151	1
55	14	152	1
55	618	152	1
415	14	152	1
415	618	152	1
60	79	153	1
60	618	153	1
415	79	153	1
415	618	153	1
151	197	154	1
151	13	154	1
1	197	154	1
1	13	154	1
151	112	155	1
151	313	155	1
9	112	155	1
9	313	155	1
112	151	156	1
313	151	156	1
471	151	157	1
471	9	157	1
1	151	157	1
1	9	157	1
2	8	158	1
2	230	158	1
152	8	158	1
152	230	158	1
230	152	159	1
230	9	159	1
1	152	159	1
1	9	159	1
283	81	160	1
283	331	160	1
9	81	160	1
9	331	160	1
81	283	161	1
331	283	161	1
650	825	162	1
650	4	162	1
650	59	162	1
3	825	162	1
3	4	162	1
3	59	162	1
1	825	162	1
1	4	162	1
1	59	162	1
825	650	163	1
650	825	164	1
650	5	164	1
650	59	164	1
6	825	164	1
6	5	164	1
6	59	164	1
1	825	164	1
1	5	164	1
1	59	164	1
825	650	165	1
643	649	166	1
649	109	167	1
649	1	167	1
2	8	168	1
2	654	168	1
651	8	168	1
651	654	168	1
2	12	169	1
2	15	169	1
46	12	169	1
46	15	169	1
15	18	171	1
15	46	171	1
1	18	171	1
1	46	171	1
23	411	172	1
67	72	173	1
67	26	173	1
1	72	173	1
1	26	173	1
67	518	174	1
67	188	174	1
1	518	174	1
1	188	174	1
2	18	175	1
2	12	175	1
2	115	175	1
2	22	175	1
38	18	175	1
38	12	175	1
38	115	175	1
38	22	175	1
49	18	175	1
49	12	175	1
49	115	175	1
49	22	175	1
1	18	175	1
1	12	175	1
1	115	175	1
1	22	175	1
2	8	176	1
2	9	176	1
2	22	176	1
2	127	176	1
49	8	176	1
49	9	176	1
49	22	176	1
49	127	176	1
196	8	176	1
196	9	176	1
196	22	176	1
196	127	176	1
1	8	176	1
1	9	176	1
1	22	176	1
1	127	176	1
2	8	177	1
2	48	177	1
85	8	177	1
85	48	177	1
8	85	178	1
2	8	179	1
2	9	179	1
2	48	179	1
55	8	179	1
55	9	179	1
55	48	179	1
13	8	179	1
13	9	179	1
13	48	179	1
85	20	181	1
54	20	181	1
2	8	182	1
2	9	182	1
2	48	182	1
2	22	182	1
55	8	182	1
55	9	182	1
55	48	182	1
55	22	182	1
49	8	182	1
49	9	182	1
49	48	182	1
49	22	182	1
1	8	182	1
1	9	182	1
1	48	182	1
1	22	182	1
2	12	183	1
2	366	183	1
441	12	183	1
441	366	183	1
366	18	184	1
366	441	184	1
1	18	184	1
1	441	184	1
177	376	185	1
376	177	186	1
177	914	187	1
177	22	187	1
49	914	187	1
49	22	187	1
177	179	188	1
458	177	189	1
458	9	189	1
208	176	190	1
208	24	190	1
7	176	190	1
7	24	190	1
288	176	191	1
288	13	191	1
288	24	191	1
1	176	191	1
1	13	191	1
1	24	191	1
7	176	191	1
7	13	191	1
7	24	191	1
106	107	192	1
106	4	192	1
3	107	192	1
3	4	192	1
59	107	192	1
59	4	192	1
847	223	193	1
223	847	194	1
950	511	195	1
1	511	195	1
511	950	196	1
430	90	197	1
430	8	197	1
2	90	197	1
2	8	197	1
90	430	198	1
8	430	198	1
949	948	199	1
510	1152	200	1
4	18	201	1
4	1168	201	1
1	18	201	1
1	1168	201	1
808	612	202	1
84	612	202	1
8	234	203	1
409	234	203	1
931	920	204	1
931	553	204	1
1	920	204	1
1	553	204	1
555	920	204	1
555	553	204	1
920	931	205	1
553	931	205	1
920	555	205	1
553	555	205	1
2	8	206	1
2	69	206	1
26	8	206	1
26	69	206	1
25	40	207	1
40	25	208	1
292	385	209	1
495	292	210	1
495	13	210	1
495	24	210	1
1	292	210	1
1	13	210	1
1	24	210	1
7	292	210	1
7	13	210	1
7	24	210	1
2	8	211	1
2	9	211	1
2	62	211	1
21	8	211	1
21	9	211	1
21	62	211	1
196	8	211	1
196	9	211	1
196	62	211	1
8	21	212	1
62	21	212	1
139	63	213	1
139	13	213	1
250	569	214	1
250	5	214	1
250	59	214	1
9	569	214	1
9	5	214	1
9	59	214	1
6	569	214	1
6	5	214	1
6	59	214	1
569	250	215	1
490	236	216	1
490	313	216	1
9	236	216	1
9	313	216	1
236	490	217	1
313	490	217	1
263	235	218	1
263	313	218	1
9	235	218	1
9	313	218	1
235	263	219	1
313	263	219	1
809	178	220	1
809	313	220	1
809	59	220	1
9	178	220	1
9	313	220	1
9	59	220	1
178	809	221	1
313	809	221	1
573	116	222	1
573	313	222	1
9	116	222	1
9	313	222	1
551	2	223	1
551	90	223	1
12	2	223	1
12	90	223	1
90	551	224	1
104	173	225	1
104	217	225	1
123	173	225	1
123	217	225	1
173	104	226	1
217	104	226	1
173	123	226	1
217	123	226	1
406	412	227	1
406	10	227	1
406	11	227	1
32	412	227	1
32	10	227	1
32	11	227	1
412	406	228	1
412	32	228	1
407	516	229	1
407	28	229	1
74	516	229	1
74	28	229	1
2	12	230	1
2	628	230	1
143	12	230	1
143	628	230	1
642	143	231	1
642	4	231	1
642	59	231	1
3	143	231	1
3	4	231	1
3	59	231	1
1117	1123	232	1
1117	481	232	1
1	1123	232	1
1	481	232	1
1123	1117	233	1
481	1117	233	1
1117	1123	234	1
1117	11	234	1
1117	13	234	1
1	1123	234	1
1	11	234	1
1	13	234	1
1123	1117	235	1
1118	1124	236	1
1118	481	236	1
1	1124	236	1
1	481	236	1
1124	1118	237	1
481	1118	237	1
1010	1012	238	1
1010	14	238	1
1073	1012	238	1
1073	14	238	1
164	77	239	1
164	1010	239	1
1009	77	239	1
1009	1010	239	1
1010	164	240	1
1010	1009	240	1
775	20	241	1
775	13	241	1
775	782	241	1
1	20	241	1
1	13	241	1
1	782	241	1
20	775	242	1
782	775	242	1
779	742	243	1
779	639	243	1
671	742	243	1
671	639	243	1
742	779	244	1
639	779	244	1
742	671	244	1
639	671	244	1
2	8	245	1
2	6	245	1
3	8	245	1
3	6	245	1
2	8	247	1
2	9	247	1
2	700	247	1
695	8	247	1
695	9	247	1
695	700	247	1
38	8	247	1
38	9	247	1
38	700	247	1
697	789	248	1
697	9	248	1
1	789	248	1
1	9	248	1
534	345	249	1
534	9	249	1
1	345	249	1
1	9	249	1
2	8	250	1
2	9	250	1
2	1163	250	1
1162	8	250	1
1162	9	250	1
1162	1163	250	1
31	8	250	1
31	9	250	1
31	1163	250	1
686	456	251	1
686	1	251	1
1179	84	252	1
1179	11	252	1
84	1179	253	1
1178	84	254	1
1178	11	254	1
84	1178	255	1
428	371	256	1
428	1	256	1
371	428	257	1
591	370	258	1
591	9	258	1
1	370	258	1
1	9	258	1
370	591	259	1
760	31	260	1
760	63	260	1
2	8	261	1
2	419	261	1
186	8	261	1
186	419	261	1
197	185	262	1
197	92	262	1
1	185	262	1
1	92	262	1
250	186	263	1
250	186	264	1
68	10	265	1
68	422	265	1
186	10	265	1
186	422	265	1
21	10	266	1
21	407	266	1
186	10	266	1
186	407	266	1
418	161	267	1
161	418	268	1
514	68	269	1
514	21	269	1
226	296	270	1
226	9	270	1
1	296	270	1
1	9	270	1
225	648	271	1
648	225	272	1
1104	1105	273	1
1104	9	273	1
1	1105	273	1
1	9	273	1
1013	1107	274	1
1013	1073	274	1
712	1107	274	1
712	1073	274	1
1107	1013	275	1
1073	1013	275	1
1107	712	275	1
1073	712	275	1
1013	1106	276	1
1013	1073	276	1
838	1106	276	1
838	1073	276	1
1106	1013	277	1
1073	1013	277	1
1106	838	277	1
1073	838	277	1
106	107	278	1
106	5	278	1
6	107	278	1
6	5	278	1
59	107	278	1
59	5	278	1
452	105	279	1
452	95	279	1
1	105	279	1
1	95	279	1
107	106	280	1
20	106	280	1
107	21	280	1
20	21	280	1
107	106	281	1
107	76	281	1
107	11	281	1
107	59	281	1
83	106	281	1
83	76	281	1
83	11	281	1
83	59	281	1
10	106	281	1
10	76	281	1
10	11	281	1
10	59	281	1
106	107	282	1
76	107	282	1
106	83	282	1
76	83	282	1
560	576	283	1
576	560	284	1
478	772	285	1
478	5	285	1
478	59	285	1
6	772	285	1
6	5	285	1
6	59	285	1
1	772	285	1
1	5	285	1
1	59	285	1
21	1175	287	1
21	10	287	1
606	1175	287	1
606	10	287	1
2	12	288	1
2	3	288	1
255	12	288	1
255	3	288	1
616	630	290	1
616	13	290	1
616	24	290	1
1	630	290	1
1	13	290	1
1	24	290	1
7	630	290	1
7	13	290	1
7	24	290	1
8	314	291	1
638	314	291	1
39	96	292	1
39	698	292	1
39	1	292	1
744	96	292	1
744	698	292	1
744	1	292	1
96	744	293	1
698	744	293	1
39	96	294	1
39	694	294	1
39	1	294	1
826	96	294	1
826	694	294	1
826	1	294	1
96	826	295	1
694	826	295	1
422	291	296	1
74	291	296	1
422	33	296	1
74	33	296	1
256	168	297	1
256	12	297	1
1	168	297	1
1	12	297	1
304	174	298	1
304	4	298	1
304	59	298	1
3	174	298	1
3	4	298	1
3	59	298	1
174	304	299	1
1133	430	300	1
1	430	300	1
428	607	301	1
607	428	302	1
429	624	303	1
20	624	303	1
624	429	304	1
624	20	304	1
2	8	305	1
2	145	305	1
203	8	305	1
203	145	305	1
2	8	306	1
2	440	306	1
145	8	306	1
145	440	306	1
222	145	307	1
222	11	307	1
222	5	307	1
222	59	307	1
6	145	307	1
6	11	307	1
6	5	307	1
6	59	307	1
145	222	308	1
145	161	309	1
161	145	310	1
128	112	311	1
128	570	311	1
1	112	311	1
1	570	311	1
371	714	312	1
1	714	312	1
714	371	313	1
102	294	314	1
102	22	314	1
23	294	314	1
23	22	314	1
294	102	315	1
22	102	315	1
294	23	315	1
22	23	315	1
2	8	316	1
2	9	316	1
2	820	316	1
819	8	316	1
819	9	316	1
819	820	316	1
22	8	316	1
22	9	316	1
22	820	316	1
8	819	317	1
820	819	317	1
8	22	317	1
820	22	317	1
2	8	318	1
18	8	318	1
8	18	319	1
455	8	320	1
1	8	320	1
21	10	321	1
21	673	321	1
847	10	321	1
847	673	321	1
138	1139	322	1
138	12	322	1
138	1	322	1
2	1139	322	1
2	12	322	1
2	1	322	1
196	1139	322	1
196	12	322	1
196	1	322	1
59	1139	322	1
59	12	322	1
59	1	322	1
480	348	323	1
1069	764	324	1
1069	1	324	1
770	377	325	1
770	1	325	1
377	770	326	1
1028	1027	327	1
1028	1	327	1
1027	1028	328	1
37	121	329	1
36	486	330	1
36	11	330	1
155	51	331	1
155	13	331	1
155	24	331	1
7	51	331	1
7	13	331	1
7	24	331	1
1	51	331	1
1	13	331	1
1	24	331	1
1025	1024	332	1
378	183	333	1
378	11	333	1
929	315	334	1
929	9	334	1
929	1	334	1
919	315	334	1
919	9	334	1
919	1	334	1
842	929	335	1
842	4	335	1
842	59	335	1
842	11	335	1
3	929	335	1
3	4	335	1
3	59	335	1
3	11	335	1
751	352	336	1
751	95	336	1
1	352	336	1
1	95	336	1
352	751	337	1
95	751	337	1
398	180	338	1
398	4	338	1
398	59	338	1
3	180	338	1
3	4	338	1
3	59	338	1
180	398	339	1
83	833	340	1
83	52	340	1
715	833	340	1
715	52	340	1
833	83	341	1
833	715	341	1
530	519	342	1
519	530	343	1
21	10	344	1
21	314	344	1
22	10	344	1
22	314	344	1
32	20	345	1
32	22	345	1
23	20	345	1
23	22	345	1
20	32	346	1
22	32	346	1
20	23	346	1
22	23	346	1
49	22	347	1
49	13	347	1
1	22	347	1
1	13	347	1
2	8	348	1
2	9	348	1
2	22	348	1
494	8	348	1
494	9	348	1
494	22	348	1
1	8	348	1
1	9	348	1
1	22	348	1
2	8	349	1
2	9	349	1
2	49	349	1
22	8	349	1
22	9	349	1
22	49	349	1
13	8	349	1
13	9	349	1
13	49	349	1
8	22	350	1
49	22	350	1
74	194	352	1
74	20	352	1
74	13	352	1
1	194	352	1
1	20	352	1
1	13	352	1
21	28	353	1
21	299	353	1
119	28	353	1
119	299	353	1
28	21	354	1
299	21	354	1
28	119	354	1
299	119	354	1
119	205	355	1
205	119	356	1
119	241	357	1
119	1	357	1
241	119	358	1
752	120	359	1
752	95	359	1
1	120	359	1
1	95	359	1
120	752	360	1
95	752	360	1
1005	1006	361	1
1005	4	361	1
1005	59	361	1
3	1006	361	1
3	4	361	1
3	59	361	1
1	1006	361	1
1	4	361	1
1	59	361	1
2	8	362	1
2	9	362	1
2	1004	362	1
22	8	362	1
22	9	362	1
22	1004	362	1
102	8	362	1
102	9	362	1
102	1004	362	1
1005	1006	363	1
1005	5	363	1
1005	59	363	1
6	1006	363	1
6	5	363	1
6	59	363	1
1	1006	363	1
1	5	363	1
1	59	363	1
1006	219	364	1
1006	22	364	1
1	219	364	1
1	22	364	1
54	669	365	1
421	669	365	1
262	233	366	1
262	4	366	1
262	59	366	1
3	233	366	1
3	4	366	1
3	59	366	1
233	262	367	1
758	757	368	1
699	12	369	1
699	382	369	1
300	12	369	1
300	382	369	1
462	382	370	1
462	1	370	1
300	382	370	1
300	1	370	1
382	462	371	1
382	300	371	1
2	8	372	1
2	258	372	1
468	8	372	1
468	258	372	1
8	468	373	1
258	468	373	1
258	468	374	1
258	80	374	1
200	468	374	1
200	80	374	1
1056	1057	375	1
1056	4	375	1
1056	59	375	1
3	1057	375	1
3	4	375	1
3	59	375	1
136	157	376	1
1	157	376	1
2	8	377	1
2	9	377	1
2	621	377	1
571	8	377	1
571	9	377	1
571	621	377	1
31	8	377	1
31	9	377	1
31	621	377	1
441	178	378	1
441	697	378	1
441	59	378	1
572	178	378	1
572	697	378	1
572	59	378	1
17	19	379	1
17	923	379	1
520	19	379	1
520	923	379	1
310	355	380	1
310	4	380	1
310	59	380	1
3	355	380	1
3	4	380	1
3	59	380	1
355	310	381	1
321	16	382	1
321	13	382	1
321	24	382	1
1	16	382	1
1	13	382	1
1	24	382	1
7	16	382	1
7	13	382	1
7	24	382	1
24	96	383	1
24	1	383	1
39	96	383	1
39	1	383	1
315	24	384	1
315	16	384	1
7	24	384	1
7	16	384	1
986	989	385	1
986	465	385	1
39	989	385	1
39	465	385	1
989	986	386	1
2	8	387	1
2	869	387	1
206	8	387	1
206	869	387	1
2	8	388	1
2	584	388	1
206	8	388	1
206	584	388	1
207	353	389	1
207	11	389	1
2	8	390	1
2	315	390	1
208	8	390	1
208	315	390	1
8	208	391	1
315	208	391	1
165	12	392	1
165	221	392	1
97	12	392	1
97	221	392	1
251	164	393	1
251	59	393	1
1	164	393	1
1	59	393	1
164	251	394	1
646	163	395	1
177	118	396	1
177	20	396	1
1014	10	397	1
1014	866	397	1
1	10	397	1
1	866	397	1
285	849	398	1
435	849	398	1
1009	1011	399	1
23	1011	399	1
1009	22	399	1
23	22	399	1
987	985	400	1
236	232	401	1
236	4	401	1
236	59	401	1
3	232	401	1
3	4	401	1
3	59	401	1
1	232	401	1
1	4	401	1
1	59	401	1
231	240	402	1
231	230	402	1
110	240	402	1
110	230	402	1
258	231	403	1
258	12	403	1
1	231	403	1
1	12	403	1
995	584	404	1
995	11	404	1
59	584	404	1
59	11	404	1
1141	635	405	1
1141	1143	405	1
210	635	405	1
210	1143	405	1
635	1141	406	1
1143	1141	406	1
635	210	406	1
1143	210	406	1
512	645	407	1
512	1	407	1
645	512	408	1
931	165	409	1
106	165	409	1
931	107	409	1
106	107	409	1
327	743	410	1
743	327	411	1
331	332	412	1
759	185	413	1
759	331	413	1
9	185	413	1
9	331	413	1
185	759	414	1
331	759	414	1
35	815	415	1
1	815	415	1
2	18	417	1
2	672	417	1
35	18	417	1
35	672	417	1
34	434	419	1
434	34	420	1
35	707	421	1
35	44	421	1
1	707	421	1
1	44	421	1
35	44	422	1
35	464	422	1
35	12	422	1
1	44	422	1
1	464	422	1
1	12	422	1
254	676	423	1
254	12	423	1
97	676	423	1
97	12	423	1
1062	1063	424	1
1	1063	424	1
1063	1062	425	1
707	818	426	1
707	12	426	1
1	818	426	1
1	12	426	1
603	138	427	1
419	138	428	1
419	9	428	1
1	138	428	1
1	9	428	1
70	84	429	1
70	469	429	1
15	84	429	1
15	469	429	1
84	70	430	1
84	70	431	1
2	8	432	1
2	70	432	1
87	8	432	1
87	70	432	1
8	87	433	1
70	87	433	1
84	70	434	1
725	736	435	1
725	21	435	1
1109	1110	436	1
1110	1109	437	1
292	181	438	1
632	687	439	1
90	687	439	1
631	670	440	1
7	670	440	1
2	8	441	1
2	1157	441	1
933	8	441	1
933	1157	441	1
8	933	442	1
1157	933	442	1
1158	84	443	1
1158	21	443	1
676	1073	444	1
676	1170	444	1
839	1073	444	1
839	1170	444	1
1073	676	445	1
1170	676	445	1
1073	839	445	1
1170	839	445	1
20	21	446	1
20	44	446	1
270	20	447	1
270	11	447	1
270	4	447	1
270	59	447	1
3	20	447	1
3	11	447	1
3	4	447	1
3	59	447	1
20	270	448	1
114	20	449	1
114	11	449	1
114	4	449	1
114	59	449	1
3	20	449	1
3	11	449	1
3	4	449	1
3	59	449	1
20	114	450	1
30	20	451	1
30	11	451	1
114	20	452	1
114	11	452	1
114	5	452	1
114	59	452	1
6	20	452	1
6	11	452	1
6	5	452	1
6	59	452	1
20	114	453	1
1020	1021	454	1
1020	28	454	1
21	1021	454	1
21	28	454	1
1021	1020	455	1
28	1020	455	1
1021	21	455	1
28	21	455	1
423	362	456	1
423	9	456	1
1	362	456	1
1	9	456	1
882	883	457	1
1	883	457	1
883	882	458	1
427	128	459	1
427	209	459	1
102	128	459	1
102	209	459	1
128	427	460	1
209	427	460	1
128	102	460	1
209	102	460	1
170	188	461	1
170	95	461	1
1	188	461	1
1	95	461	1
169	236	462	1
169	13	462	1
1	236	462	1
1	13	462	1
237	169	463	1
237	92	463	1
1	169	463	1
1	92	463	1
650	431	464	1
650	431	465	1
747	23	466	1
747	11	466	1
386	23	467	1
386	13	467	1
1	23	467	1
1	13	467	1
862	863	468	1
863	862	469	1
177	82	470	1
177	20	470	1
177	1	470	1
13	82	470	1
13	20	470	1
13	1	470	1
177	82	471	1
177	20	471	1
177	22	471	1
49	82	471	1
49	20	471	1
49	22	471	1
383	400	472	1
383	13	472	1
1	400	472	1
1	13	472	1
18	151	473	1
18	9	473	1
1	151	473	1
1	9	473	1
18	112	474	1
18	88	474	1
1	112	474	1
1	88	474	1
2	18	475	1
2	12	475	1
2	3	475	1
366	18	475	1
366	12	475	1
366	3	475	1
13	18	475	1
13	12	475	1
13	3	475	1
18	366	476	1
956	955	477	1
535	45	478	1
535	260	478	1
1	45	478	1
1	260	478	1
2	12	479	1
2	1018	479	1
1019	12	479	1
1019	1018	479	1
566	10	480	1
566	865	480	1
1	10	480	1
1	865	480	1
1016	10	481	1
1016	868	481	1
1	10	481	1
1	868	481	1
515	10	482	1
515	156	482	1
1	10	482	1
1	156	482	1
609	10	483	1
609	579	483	1
1	10	483	1
1	579	483	1
931	97	484	1
931	107	484	1
931	1	484	1
106	97	484	1
106	107	484	1
106	1	484	1
59	97	484	1
59	107	484	1
59	1	484	1
2	8	485	1
2	9	485	1
2	68	485	1
33	8	485	1
33	9	485	1
33	68	485	1
10	8	485	1
10	9	485	1
10	68	485	1
8	33	486	1
68	33	486	1
32	101	487	1
101	32	488	1
679	20	489	1
679	33	489	1
20	679	490	1
33	679	490	1
930	647	491	1
930	8	491	1
2	647	491	1
2	8	491	1
647	930	492	1
8	930	492	1
1064	1065	493	1
1064	8	493	1
2	1065	493	1
2	8	493	1
1065	1064	494	1
8	1064	494	1
896	1065	495	1
896	12	495	1
90	1065	495	1
90	12	495	1
896	930	496	1
896	9	496	1
331	930	496	1
331	9	496	1
930	896	497	1
930	331	497	1
528	683	498	1
528	12	498	1
90	683	498	1
90	12	498	1
683	528	499	1
683	90	499	1
1058	1059	500	1
1058	12	500	1
90	1059	500	1
90	12	500	1
804	263	501	1
804	9	501	1
1	263	501	1
1	9	501	1
256	341	502	1
256	43	502	1
263	341	502	1
263	43	502	1
258	468	503	1
258	43	503	1
263	468	503	1
263	43	503	1
468	258	504	1
43	258	504	1
468	263	504	1
43	263	504	1
2	8	505	1
2	1188	505	1
1187	8	505	1
1187	1188	505	1
8	1187	506	1
1188	1187	506	1
1188	647	507	1
1188	12	507	1
1	647	507	1
1	12	507	1
647	1188	508	1
243	137	509	1
243	4	509	1
243	59	509	1
3	137	509	1
3	4	509	1
3	59	509	1
1	137	509	1
1	4	509	1
1	59	509	1
420	80	510	1
420	11	510	1
80	200	511	1
80	9	511	1
1	200	511	1
1	9	511	1
287	171	512	1
287	3	512	1
7	171	512	1
7	3	512	1
4	171	512	1
4	3	512	1
59	171	512	1
59	3	512	1
287	171	513	1
287	6	513	1
7	171	513	1
7	6	513	1
5	171	513	1
5	6	513	1
59	171	513	1
59	6	513	1
2	8	514	1
2	426	514	1
361	8	514	1
361	426	514	1
2	8	515	1
2	743	515	1
518	8	515	1
518	743	515	1
8	518	516	1
743	518	516	1
1137	1138	517	1
1137	229	517	1
1130	1138	517	1
1130	229	517	1
172	71	518	1
172	881	518	1
172	33	518	1
172	11	518	1
23	71	518	1
23	881	518	1
23	33	518	1
23	11	518	1
7	71	518	1
7	881	518	1
7	33	518	1
7	11	518	1
2	8	519	1
2	10	519	1
375	8	519	1
375	10	519	1
8	375	520	1
523	804	521	1
1	804	521	1
8	22	522	1
583	22	522	1
217	21	523	1
21	10	524	1
21	160	524	1
9	10	524	1
9	160	524	1
160	21	525	1
828	18	526	1
828	21	526	1
10	18	526	1
10	21	526	1
2	18	527	1
2	12	527	1
2	21	527	1
28	18	527	1
28	12	527	1
28	21	527	1
10	18	527	1
10	12	527	1
10	21	527	1
18	28	528	1
21	28	528	1
2	8	529	1
2	9	529	1
2	1000	529	1
592	8	529	1
592	9	529	1
592	1000	529	1
196	8	529	1
196	9	529	1
196	1000	529	1
890	929	530	1
890	11	530	1
236	322	531	1
90	322	531	1
237	169	532	1
237	313	532	1
9	169	532	1
9	313	532	1
169	237	533	1
313	237	533	1
851	237	534	1
851	9	534	1
1	237	534	1
1	9	534	1
532	540	535	1
532	1	535	1
540	532	536	1
531	597	537	1
597	531	538	1
708	711	539	1
711	708	540	1
662	532	541	1
532	662	542	1
1171	1172	543	1
1171	9	543	1
493	1172	543	1
493	9	543	1
2	8	544	1
2	658	544	1
634	8	544	1
634	658	544	1
1071	181	545	1
1071	225	545	1
319	743	546	1
319	4	546	1
319	59	546	1
3	743	546	1
3	4	546	1
3	59	546	1
743	319	547	1
434	320	548	1
434	14	548	1
145	999	549	1
145	44	549	1
667	691	550	1
667	9	550	1
1	691	550	1
1	9	550	1
2	8	551	1
2	99	551	1
148	8	551	1
148	99	551	1
8	148	552	1
99	148	552	1
35	29	553	1
35	9	553	1
35	619	553	1
98	29	553	1
98	9	553	1
98	619	553	1
38	29	553	1
38	9	553	1
38	619	553	1
29	98	554	1
619	98	554	1
29	38	554	1
619	38	554	1
98	111	555	1
98	5	555	1
98	59	555	1
13	111	555	1
13	5	555	1
13	59	555	1
6	111	555	1
6	5	555	1
6	59	555	1
185	98	556	1
90	98	556	1
2	8	557	1
2	98	557	1
197	8	557	1
197	98	557	1
322	98	558	1
148	99	559	1
54	99	559	1
148	20	559	1
54	20	559	1
245	383	560	1
245	1	560	1
854	132	561	1
854	9	561	1
1	132	561	1
1	9	561	1
884	991	562	1
884	465	562	1
39	991	562	1
39	465	562	1
991	884	563	1
196	11	565	1
196	1	565	1
59	11	565	1
59	1	565	1
397	74	567	1
397	9	567	1
194	74	567	1
194	9	567	1
640	12	568	1
640	622	568	1
118	12	568	1
118	622	568	1
622	640	569	1
622	118	569	1
1084	1085	570	1
1	1085	570	1
846	707	571	1
228	216	572	1
228	9	572	1
1	216	572	1
1	9	572	1
169	216	573	1
331	216	573	1
88	145	574	1
145	88	575	1
313	88	576	1
88	313	577	1
2	8	578	1
2	88	578	1
92	8	578	1
92	88	578	1
2	8	579	1
2	52	579	1
409	8	579	1
409	52	579	1
2	8	580	1
2	161	580	1
204	8	580	1
204	161	580	1
2	12	581	1
2	271	581	1
78	12	581	1
78	271	581	1
271	78	582	1
110	77	583	1
110	50	583	1
31	77	583	1
31	50	583	1
1	77	583	1
1	50	583	1
50	110	584	1
50	31	584	1
164	44	585	1
164	77	585	1
1	44	585	1
1	77	585	1
78	188	586	1
78	9	586	1
1	188	586	1
1	9	586	1
852	851	587	1
1	851	587	1
517	850	588	1
435	850	588	1
968	969	589	1
39	969	589	1
969	968	590	1
94	163	591	1
94	22	591	1
23	163	591	1
23	22	591	1
163	94	592	1
22	94	592	1
163	23	592	1
22	23	592	1
2	8	593	1
2	252	593	1
392	8	593	1
392	252	593	1
8	392	594	1
252	392	594	1
529	790	595	1
529	4	595	1
529	59	595	1
3	790	595	1
3	4	595	1
3	59	595	1
790	529	596	1
967	972	597	1
39	972	597	1
972	967	598	1
967	971	599	1
39	971	599	1
971	967	600	1
968	970	601	1
39	970	601	1
970	968	602	1
50	57	603	1
50	89	603	1
50	1	603	1
602	57	603	1
602	89	603	1
602	1	603	1
339	322	604	1
339	12	604	1
1	322	604	1
1	12	604	1
324	435	605	1
435	324	606	1
603	21	607	1
603	31	607	1
393	769	608	1
393	13	608	1
393	24	608	1
7	769	608	1
7	13	608	1
7	24	608	1
1	769	608	1
1	13	608	1
1	24	608	1
391	805	609	1
391	28	609	1
212	805	609	1
212	28	609	1
805	391	610	1
28	391	610	1
2	8	611	1
2	9	611	1
2	396	611	1
101	8	611	1
101	9	611	1
101	396	611	1
21	10	612	1
21	546	612	1
102	10	612	1
102	546	612	1
131	102	613	1
131	65	613	1
1	102	613	1
1	65	613	1
367	103	614	1
367	4	614	1
367	59	614	1
3	103	614	1
3	4	614	1
3	59	614	1
1	103	614	1
1	4	614	1
1	59	614	1
103	367	615	1
766	765	616	1
416	84	617	1
416	243	617	1
84	416	618	1
243	416	618	1
425	84	619	1
425	243	619	1
84	425	620	1
243	425	620	1
626	243	621	1
626	20	621	1
243	626	622	1
20	626	622	1
244	542	623	1
1	542	623	1
542	244	624	1
69	453	625	1
69	4	625	1
69	59	625	1
3	453	625	1
3	4	625	1
3	59	625	1
453	69	626	1
668	68	627	1
668	625	627	1
2	8	628	1
2	9	628	1
2	328	628	1
22	8	628	1
22	9	628	1
22	328	628	1
74	8	628	1
74	9	628	1
74	328	628	1
704	1161	629	1
1161	704	630	1
125	1011	631	1
125	11	631	1
125	4	631	1
125	59	631	1
3	1011	631	1
3	11	631	1
3	4	631	1
3	59	631	1
312	995	632	1
312	8	632	1
2	995	632	1
2	8	632	1
396	101	633	1
1	101	633	1
218	295	634	1
295	218	635	1
450	952	636	1
450	12	636	1
118	952	636	1
118	12	636	1
50	391	638	1
50	10	638	1
21	391	638	1
21	10	638	1
391	50	639	1
391	21	639	1
397	50	640	1
397	9	640	1
1	50	640	1
1	9	640	1
845	211	641	1
845	9	641	1
1	211	641	1
1	9	641	1
380	280	642	1
486	941	643	1
486	13	643	1
486	24	643	1
1	941	643	1
1	13	643	1
1	24	643	1
7	941	643	1
7	13	643	1
7	24	643	1
55	14	644	1
55	80	644	1
200	14	644	1
200	80	644	1
14	200	645	1
80	200	645	1
80	81	646	1
80	90	646	1
12	81	646	1
12	90	646	1
81	80	647	1
90	80	647	1
2	8	648	1
2	80	648	1
200	8	648	1
200	80	648	1
60	79	649	1
60	43	649	1
263	79	649	1
263	43	649	1
79	263	650	1
43	263	650	1
35	29	651	1
35	80	651	1
200	29	651	1
200	80	651	1
29	200	652	1
80	200	652	1
685	14	653	1
685	713	653	1
701	14	653	1
701	713	653	1
390	109	654	1
390	51	654	1
109	390	655	1
51	390	655	1
134	109	656	1
134	22	656	1
23	109	656	1
23	22	656	1
109	134	657	1
22	134	657	1
109	23	657	1
22	23	657	1
134	109	658	1
134	32	658	1
20	109	658	1
20	32	658	1
109	134	659	1
32	134	659	1
109	20	659	1
32	20	659	1
21	532	660	1
109	532	660	1
712	837	661	1
712	43	661	1
637	837	661	1
637	43	661	1
858	690	662	1
887	888	663	1
1	888	663	1
888	887	664	1
376	1051	665	1
376	11	665	1
23	1051	665	1
23	11	665	1
1051	376	666	1
1051	23	666	1
21	119	667	1
30	119	667	1
299	21	668	1
299	30	668	1
21	299	669	1
30	299	669	1
38	30	670	1
38	22	670	1
23	30	670	1
23	22	670	1
30	38	671	1
22	38	671	1
30	23	671	1
22	23	671	1
38	30	672	1
38	13	672	1
38	24	672	1
1	30	672	1
1	13	672	1
1	24	672	1
7	30	672	1
7	13	672	1
7	24	672	1
482	543	673	1
482	157	673	1
1	543	673	1
1	157	673	1
210	1189	674	1
210	298	674	1
210	3	674	1
210	1	674	1
4	1189	674	1
4	298	674	1
4	3	674	1
4	1	674	1
59	1189	674	1
59	298	674	1
59	3	674	1
59	1	674	1
7	1189	674	1
7	298	674	1
7	3	674	1
7	1	674	1
1189	210	675	1
298	210	675	1
104	173	676	1
104	21	676	1
28	173	676	1
28	21	676	1
173	104	677	1
21	104	677	1
173	28	677	1
21	28	677	1
474	104	678	1
474	4	678	1
474	59	678	1
10	104	678	1
10	4	678	1
10	59	678	1
3	104	678	1
3	4	678	1
3	59	678	1
104	474	679	1
731	21	680	1
731	104	680	1
837	838	681	1
837	43	681	1
637	838	681	1
637	43	681	1
834	330	682	1
834	1	682	1
835	643	683	1
643	835	684	1
920	931	685	1
920	1	685	1
920	107	685	1
106	931	685	1
106	1	685	1
106	107	685	1
504	586	686	1
504	3	686	1
4	586	686	1
4	3	686	1
59	586	686	1
59	3	686	1
475	11	687	1
475	481	687	1
59	11	687	1
59	481	687	1
196	11	687	1
196	481	687	1
2	8	688	1
2	648	688	1
320	8	688	1
320	648	688	1
8	320	689	1
648	320	689	1
911	46	690	1
911	71	690	1
911	1	690	1
911	51	690	1
493	46	690	1
493	71	690	1
493	1	690	1
493	51	690	1
7	46	690	1
7	71	690	1
7	1	690	1
7	51	690	1
205	241	691	1
205	1	691	1
241	205	692	1
662	163	693	1
662	11	693	1
662	4	693	1
662	59	693	1
3	163	693	1
3	11	693	1
3	4	693	1
3	59	693	1
163	662	694	1
801	550	695	1
2	18	696	1
2	12	696	1
2	574	696	1
550	18	696	1
550	12	696	1
550	574	696	1
10	18	696	1
10	12	696	1
10	574	696	1
551	552	697	1
551	12	697	1
1	552	697	1
1	12	697	1
552	551	698	1
552	708	699	1
1	708	699	1
708	552	700	1
1161	1160	701	1
2	8	702	1
2	9	702	1
2	819	702	1
164	8	702	1
164	9	702	1
164	819	702	1
22	8	702	1
22	9	702	1
22	819	702	1
2	18	703	1
2	12	703	1
2	369	703	1
282	18	703	1
282	12	703	1
282	369	703	1
75	18	703	1
75	12	703	1
75	369	703	1
390	282	704	1
14	20	705	1
54	20	705	1
316	54	706	1
316	1	706	1
54	316	707	1
761	74	708	1
75	158	709	1
75	22	709	1
23	158	709	1
23	22	709	1
158	75	710	1
22	75	710	1
158	23	710	1
22	23	710	1
707	704	711	1
707	9	711	1
1	704	711	1
1	9	711	1
2	18	712	1
2	12	712	1
2	111	712	1
322	18	712	1
322	12	712	1
322	111	712	1
13	18	712	1
13	12	712	1
13	111	712	1
2	18	713	1
2	12	713	1
2	111	713	1
2	22	713	1
322	18	713	1
322	12	713	1
322	111	713	1
322	22	713	1
49	18	713	1
49	12	713	1
49	111	713	1
49	22	713	1
1	18	713	1
1	12	713	1
1	111	713	1
1	22	713	1
405	349	714	1
842	890	715	1
842	4	715	1
842	59	715	1
3	890	715	1
3	4	715	1
3	59	715	1
890	842	716	1
405	349	717	1
919	916	718	1
1051	801	719	1
1051	20	719	1
8	18	720	1
8	9	720	1
8	4	720	1
703	18	720	1
703	9	720	1
703	4	720	1
8	18	721	1
8	9	721	1
8	5	721	1
709	18	721	1
709	9	721	1
709	5	721	1
37	429	722	1
37	11	722	1
410	26	723	1
1	26	723	1
2	8	724	1
2	29	724	1
111	8	724	1
111	29	724	1
8	111	725	1
29	111	725	1
2	8	726	1
2	35	726	1
29	8	726	1
29	35	726	1
8	29	727	1
449	29	728	1
449	12	728	1
1	29	728	1
1	12	728	1
35	29	729	1
35	9	729	1
1	29	729	1
1	9	729	1
378	30	730	1
378	1	730	1
38	75	731	1
38	11	731	1
115	38	732	1
115	13	732	1
1	38	732	1
1	13	732	1
8	38	733	1
569	38	733	1
38	808	734	1
38	24	734	1
7	808	734	1
7	24	734	1
2	18	735	1
2	12	735	1
2	115	735	1
38	18	735	1
38	12	735	1
38	115	735	1
13	18	735	1
13	12	735	1
13	115	735	1
193	593	737	1
193	4	737	1
193	59	737	1
3	593	737	1
3	4	737	1
3	59	737	1
1	593	737	1
1	4	737	1
1	59	737	1
749	193	738	1
749	743	738	1
89	193	738	1
89	743	738	1
193	749	739	1
743	749	739	1
193	89	739	1
743	89	739	1
54	688	740	1
54	9	740	1
193	688	740	1
193	9	740	1
1	688	740	1
1	9	740	1
253	84	741	1
253	193	741	1
84	253	742	1
193	253	742	1
2	8	743	1
2	9	743	1
2	903	743	1
77	8	743	1
77	9	743	1
77	903	743	1
22	8	743	1
22	9	743	1
22	903	743	1
20	379	744	1
823	825	745	1
825	824	746	1
825	22	746	1
23	824	746	1
23	22	746	1
824	825	747	1
22	825	747	1
824	23	747	1
22	23	747	1
1177	96	748	1
1177	285	748	1
39	96	748	1
39	285	748	1
96	1177	749	1
285	1177	749	1
685	80	750	1
685	701	750	1
1	80	750	1
1	701	750	1
231	283	751	1
231	9	751	1
1	283	751	1
1	9	751	1
704	1166	752	1
704	44	752	1
704	187	752	1
7	1166	752	1
7	44	752	1
7	187	752	1
749	897	753	1
897	749	754	1
34	80	755	1
34	1128	755	1
563	80	755	1
563	1128	755	1
80	34	756	1
1128	34	756	1
80	563	756	1
1128	563	756	1
110	249	757	1
2	8	758	1
2	222	758	1
182	8	758	1
182	222	758	1
8	182	759	1
222	182	759	1
269	541	760	1
269	5	760	1
269	59	760	1
6	541	760	1
6	5	760	1
6	59	760	1
541	269	761	1
2	8	762	1
2	575	762	1
269	8	762	1
269	575	762	1
57	259	763	1
57	20	763	1
57	13	763	1
1	259	763	1
1	20	763	1
1	13	763	1
259	57	764	1
20	57	764	1
56	102	765	1
56	11	765	1
769	75	766	1
769	4	766	1
769	59	766	1
3	75	766	1
3	4	766	1
3	59	766	1
1	75	766	1
1	4	766	1
1	59	766	1
945	308	767	1
945	93	767	1
1	308	767	1
1	93	767	1
944	945	768	1
7	945	768	1
943	944	769	1
943	4	769	1
943	59	769	1
3	944	769	1
3	4	769	1
3	59	769	1
928	631	770	1
928	4	770	1
928	59	770	1
3	631	770	1
3	4	770	1
3	59	770	1
942	944	771	1
942	1	771	1
942	3	771	1
7	944	771	1
7	1	771	1
7	3	771	1
4	944	771	1
4	1	771	1
4	3	771	1
59	944	771	1
59	1	771	1
59	3	771	1
921	631	772	1
921	1	772	1
921	3	772	1
7	631	772	1
7	1	772	1
7	3	772	1
4	631	772	1
4	1	772	1
4	3	772	1
59	631	772	1
59	1	772	1
59	3	772	1
242	943	773	1
242	3	773	1
7	943	773	1
7	3	773	1
4	943	773	1
4	3	773	1
59	943	773	1
59	3	773	1
767	928	774	1
767	3	774	1
7	928	774	1
7	3	774	1
4	928	774	1
4	3	774	1
59	928	774	1
59	3	774	1
885	893	775	1
885	3	775	1
885	1	775	1
4	893	775	1
4	3	775	1
4	1	775	1
59	893	775	1
59	3	775	1
59	1	775	1
893	885	776	1
620	20	777	1
620	187	777	1
20	620	778	1
187	620	778	1
2	8	779	1
2	327	779	1
188	8	779	1
188	327	779	1
8	188	780	1
327	188	780	1
329	86	781	1
329	70	781	1
1	86	781	1
1	70	781	1
435	743	782	1
743	435	783	1
556	76	784	1
588	76	785	1
588	21	785	1
827	18	786	1
827	76	786	1
10	18	786	1
10	76	786	1
2	18	787	1
2	12	787	1
2	76	787	1
122	18	787	1
122	12	787	1
122	76	787	1
10	18	787	1
10	12	787	1
10	76	787	1
18	122	788	1
76	122	788	1
623	113	789	1
114	30	790	1
114	469	790	1
15	30	790	1
15	469	790	1
30	114	791	1
243	292	792	1
243	4	792	1
243	59	792	1
3	292	792	1
3	4	792	1
3	59	792	1
292	243	793	1
719	307	794	1
696	409	795	1
696	12	795	1
696	11	795	1
1121	409	795	1
1121	12	795	1
1121	11	795	1
7	974	796	1
7	1	796	1
973	974	796	1
973	1	796	1
59	974	796	1
59	1	796	1
506	310	797	1
506	13	797	1
1	310	797	1
1	13	797	1
785	786	798	1
785	11	798	1
2	8	799	1
2	9	799	1
2	337	799	1
444	8	799	1
444	9	799	1
444	337	799	1
154	8	799	1
154	9	799	1
154	337	799	1
2	8	800	1
2	9	800	1
2	705	800	1
337	8	800	1
337	9	800	1
337	705	800	1
334	8	800	1
334	9	800	1
334	705	800	1
2	8	801	1
2	160	801	1
28	8	801	1
28	160	801	1
8	28	802	1
160	28	802	1
2	12	803	1
2	828	803	1
28	12	803	1
28	828	803	1
160	28	804	1
160	9	804	1
1	28	804	1
1	9	804	1
509	27	805	1
509	59	805	1
973	27	805	1
973	59	805	1
27	509	806	1
1046	511	807	1
1046	1048	807	1
1	511	807	1
1	1048	807	1
511	1046	808	1
1047	511	809	1
1047	1048	809	1
1	511	809	1
1	1048	809	1
511	1047	810	1
946	710	811	1
140	710	811	1
1049	1050	812	1
1049	8	812	1
2	1050	812	1
2	8	812	1
1050	1049	813	1
8	1049	813	1
2	8	814	1
2	341	814	1
168	8	814	1
168	341	814	1
8	168	815	1
341	168	815	1
590	653	816	1
590	1	816	1
653	590	817	1
661	589	818	1
661	1	818	1
589	661	819	1
588	661	820	1
2	8	821	1
2	9	821	1
2	592	821	1
681	8	821	1
681	9	821	1
681	592	821	1
8	681	822	1
592	681	822	1
2	803	823	1
2	18	823	1
2	12	823	1
143	803	823	1
143	18	823	1
143	12	823	1
50	803	823	1
50	18	823	1
50	12	823	1
646	662	824	1
679	645	825	1
679	1	825	1
645	679	826	1
812	813	827	1
812	14	827	1
34	813	827	1
34	14	827	1
755	750	828	1
755	157	828	1
1	750	828	1
1	157	828	1
636	745	829	1
636	1	829	1
745	636	830	1
746	743	831	1
746	9	831	1
1	743	831	1
1	9	831	1
35	195	832	1
35	11	832	1
35	1	832	1
44	195	832	1
44	11	832	1
44	1	832	1
2	18	833	1
2	12	833	1
2	1143	833	1
210	18	833	1
210	12	833	1
210	1143	833	1
10	18	833	1
10	12	833	1
10	1143	833	1
18	210	834	1
1143	210	834	1
55	258	835	1
55	11	835	1
55	1	835	1
44	258	835	1
44	11	835	1
44	1	835	1
2	99	836	1
2	11	836	1
2	1	836	1
44	99	836	1
44	11	836	1
44	1	836	1
48	256	837	1
48	11	837	1
48	1	837	1
44	256	837	1
44	11	837	1
44	1	837	1
1025	1026	838	1
1025	21	838	1
164	77	839	1
164	692	839	1
687	77	839	1
687	692	839	1
692	164	840	1
692	687	840	1
1029	1028	841	1
695	1000	842	1
74	389	843	1
74	202	843	1
23	389	843	1
23	202	843	1
2	8	844	1
2	9	844	1
2	705	844	1
403	8	844	1
403	9	844	1
403	705	844	1
1154	8	844	1
1154	9	844	1
1154	705	844	1
435	453	845	1
435	4	845	1
435	59	845	1
3	453	845	1
3	4	845	1
3	59	845	1
453	435	846	1
1099	1082	847	1
1099	18	847	1
1099	1	847	1
855	1082	847	1
855	18	847	1
855	1	847	1
1082	1099	848	1
18	1099	848	1
1098	802	849	1
1098	19	849	1
17	802	849	1
17	19	849	1
960	401	850	1
960	5	850	1
960	59	850	1
6	401	850	1
6	5	850	1
6	59	850	1
2	8	851	1
2	418	851	1
277	8	851	1
277	418	851	1
8	277	852	1
418	277	852	1
275	763	853	1
275	22	853	1
23	763	853	1
23	22	853	1
763	275	854	1
22	275	854	1
763	23	854	1
22	23	854	1
276	368	855	1
368	276	856	1
74	389	857	1
74	22	857	1
23	389	857	1
23	22	857	1
58	124	858	1
58	22	858	1
23	124	858	1
23	22	858	1
124	58	859	1
22	58	859	1
124	23	859	1
22	23	859	1
359	58	860	1
359	1	860	1
359	11	860	1
953	285	861	1
953	28	861	1
1	285	861	1
1	28	861	1
84	135	862	1
84	9	862	1
1	135	862	1
1	9	862	1
54	20	863	1
54	84	863	1
135	20	863	1
135	84	863	1
89	84	864	1
84	89	865	1
84	292	866	1
84	9	866	1
612	441	867	1
90	441	867	1
441	809	868	1
441	9	868	1
1	809	868	1
1	9	868	1
117	10	869	1
117	175	869	1
1	10	869	1
1	175	869	1
415	857	870	1
714	217	871	1
714	5	871	1
714	59	871	1
6	217	871	1
6	5	871	1
6	59	871	1
217	714	872	1
905	904	873	1
222	145	874	1
222	11	874	1
222	4	874	1
222	59	874	1
3	145	874	1
3	11	874	1
3	4	874	1
3	59	874	1
145	222	875	1
388	199	876	1
269	541	877	1
269	4	877	1
269	59	877	1
3	541	877	1
3	4	877	1
3	59	877	1
541	269	878	1
806	807	879	1
26	807	879	1
798	799	880	1
798	19	880	1
17	799	880	1
17	19	880	1
1127	625	881	1
1127	625	882	1
875	111	883	1
875	1169	883	1
697	111	883	1
697	1169	883	1
111	875	884	1
1169	875	884	1
111	697	884	1
1169	697	884	1
1169	142	885	1
1169	9	885	1
1	142	885	1
1	9	885	1
142	1169	886	1
599	830	887	1
1	830	887	1
830	599	888	1
463	602	889	1
463	11	889	1
463	1	889	1
2	8	890	1
2	16	890	1
176	8	890	1
176	16	890	1
8	176	891	1
16	176	891	1
980	982	892	1
39	982	892	1
982	980	893	1
981	983	894	1
981	1	894	1
39	983	894	1
39	1	894	1
983	981	895	1
197	185	896	1
197	313	896	1
9	185	896	1
9	313	896	1
185	197	897	1
313	197	897	1
1024	1023	898	1
1024	1	898	1
1023	1024	899	1
61	437	900	1
61	22	900	1
23	437	900	1
23	22	900	1
437	61	901	1
22	61	901	1
437	23	901	1
22	23	901	1
1087	1086	902	1
716	615	903	1
716	157	903	1
1	615	903	1
1	157	903	1
2	8	904	1
2	696	904	1
675	8	904	1
675	696	904	1
8	675	905	1
696	675	905	1
784	39	906	1
784	209	906	1
1	39	906	1
1	209	906	1
841	593	907	1
2	8	908	1
2	41	908	1
159	8	908	1
159	41	908	1
8	159	909	1
41	159	910	1
41	9	910	1
1	159	910	1
1	9	910	1
40	613	911	1
613	40	912	1
49	571	913	1
90	571	913	1
49	22	913	1
90	22	913	1
82	652	914	1
90	652	914	1
746	84	915	1
746	89	915	1
84	746	916	1
89	746	916	1
2	12	917	1
2	814	917	1
91	12	917	1
91	814	917	1
161	951	918	1
161	89	918	1
52	951	918	1
52	89	918	1
951	161	919	1
89	161	919	1
749	951	920	1
749	88	920	1
52	951	920	1
52	88	920	1
951	749	921	1
88	749	921	1
2	8	922	1
2	253	922	1
749	8	922	1
749	253	922	1
8	749	923	1
253	749	923	1
253	749	924	1
253	9	924	1
1	749	924	1
1	9	924	1
2	8	925	1
2	9	925	1
2	444	925	1
403	8	925	1
403	9	925	1
403	444	925	1
32	8	925	1
32	9	925	1
32	444	925	1
680	403	926	1
680	403	927	1
404	580	928	1
404	11	928	1
17	19	929	1
17	529	929	1
404	19	929	1
404	529	929	1
162	33	930	1
162	4	930	1
162	59	930	1
3	33	930	1
3	4	930	1
3	59	930	1
1	33	930	1
1	4	930	1
1	59	930	1
162	33	931	1
162	5	931	1
162	59	931	1
6	33	931	1
6	5	931	1
6	59	931	1
1	33	931	1
1	5	931	1
1	59	931	1
20	715	932	1
20	11	932	1
52	715	932	1
52	11	932	1
138	83	933	1
138	13	933	1
840	83	934	1
112	18	935	1
90	18	935	1
301	18	936	1
1	18	936	1
729	732	937	1
729	21	937	1
728	738	938	1
728	1	938	1
738	728	939	1
729	728	940	1
726	737	941	1
726	1	941	1
737	726	942	1
727	726	943	1
725	724	944	1
722	735	945	1
722	1	945	1
735	722	946	1
730	733	947	1
730	1	947	1
733	730	948	1
731	730	949	1
19	604	950	1
19	112	950	1
1	604	950	1
1	112	950	1
861	20	951	1
861	13	951	1
1	20	951	1
1	13	951	1
1112	1111	952	1
1112	5	952	1
1112	59	952	1
6	1111	952	1
6	5	952	1
6	59	952	1
1	1111	952	1
1	5	952	1
1	59	952	1
2	8	953	1
2	55	953	1
14	8	953	1
14	55	953	1
8	14	954	1
2	8	956	1
2	14	956	1
80	8	956	1
80	14	956	1
8	80	957	1
14	80	957	1
183	316	958	1
183	8	958	1
2	316	958	1
2	8	958	1
316	183	959	1
8	183	959	1
3	4	960	1
3	395	960	1
290	4	960	1
290	395	960	1
1	4	960	1
1	395	960	1
59	4	960	1
59	395	960	1
395	290	961	1
2	8	962	1
2	1159	962	1
196	8	962	1
196	1159	962	1
1152	20	964	1
1152	13	964	1
1	20	964	1
1	13	964	1
1153	83	965	1
1153	13	965	1
1	83	965	1
1	13	965	1
401	44	966	1
401	39	966	1
1	44	966	1
1	39	966	1
1097	78	968	1
1097	183	968	1
9	78	968	1
9	183	968	1
78	1097	969	1
183	1097	969	1
179	437	970	1
179	11	970	1
179	4	970	1
179	59	970	1
3	437	970	1
3	11	970	1
3	4	970	1
3	59	970	1
201	18	971	1
201	88	971	1
1	18	971	1
1	88	971	1
81	433	972	1
81	1	972	1
88	433	972	1
88	1	972	1
178	441	973	1
90	441	973	1
178	8	973	1
90	8	973	1
2	8	974	1
2	321	974	1
288	8	974	1
288	321	974	1
8	288	975	1
321	288	975	1
2	8	976	1
2	460	976	1
446	8	976	1
446	460	976	1
8	446	977	1
460	446	977	1
580	408	978	1
580	11	978	1
580	53	978	1
580	718	978	1
17	408	978	1
17	11	978	1
17	53	978	1
17	718	978	1
264	617	979	1
264	13	979	1
264	24	979	1
1	617	979	1
1	13	979	1
1	24	979	1
7	617	979	1
7	13	979	1
7	24	979	1
372	333	980	1
372	1	980	1
476	74	981	1
476	31	981	1
1	74	981	1
1	31	981	1
74	476	982	1
31	476	982	1
666	89	983	1
666	20	983	1
89	666	984	1
20	666	984	1
743	414	985	1
280	147	986	1
280	1	986	1
222	666	987	1
222	1	987	1
453	222	988	1
1	222	988	1
2	12	989	1
2	1099	989	1
817	12	989	1
817	1099	989	1
1099	817	990	1
711	686	991	1
711	687	991	1
711	22	991	1
49	686	991	1
49	687	991	1
49	22	991	1
391	774	992	1
391	28	992	1
478	774	992	1
478	28	992	1
774	391	993	1
28	391	993	1
23	68	994	1
23	11	994	1
23	4	994	1
23	59	994	1
10	68	994	1
10	11	994	1
10	4	994	1
10	59	994	1
3	68	994	1
3	11	994	1
3	4	994	1
3	59	994	1
677	312	995	1
677	312	996	1
364	297	997	1
364	26	997	1
1	297	997	1
1	26	997	1
295	356	998	1
296	759	999	1
296	13	999	1
1	759	999	1
1	13	999	1
296	112	1000	1
296	331	1000	1
9	112	1000	1
9	331	1000	1
112	296	1001	1
331	296	1001	1
192	64	1002	1
64	192	1003	1
60	79	1004	1
60	224	1004	1
64	79	1004	1
64	224	1004	1
69	64	1005	1
64	69	1006	1
310	37	1007	1
310	65	1007	1
37	310	1008	1
65	310	1008	1
992	993	1009	1
992	954	1009	1
39	993	1009	1
39	954	1009	1
993	992	1010	1
909	994	1011	1
909	954	1011	1
39	994	1011	1
39	954	1011	1
59	994	1011	1
59	954	1011	1
994	909	1012	1
21	10	1013	1
21	508	1013	1
149	10	1013	1
149	508	1013	1
508	21	1014	1
508	149	1014	1
23	539	1015	1
34	461	1016	1
34	80	1016	1
1073	461	1016	1
1073	80	1016	1
461	34	1017	1
80	34	1017	1
461	1073	1017	1
80	1073	1017	1
9	2	1018	1
9	53	1018	1
9	1	1018	1
12	2	1018	1
12	53	1018	1
12	1	1018	1
17	2	1018	1
17	53	1018	1
17	1	1018	1
17	427	1019	1
17	11	1019	1
59	427	1019	1
59	11	1019	1
2	8	1020	1
2	46	1020	1
180	8	1020	1
180	46	1020	1
8	180	1021	1
46	180	1022	1
46	9	1022	1
1	180	1022	1
1	9	1022	1
711	687	1023	1
711	686	1023	1
711	1	1023	1
13	687	1023	1
13	686	1023	1
13	1	1023	1
2	8	1024	1
2	601	1024	1
369	8	1024	1
369	601	1024	1
8	369	1025	1
601	369	1025	1
2	8	1026	1
2	425	1026	1
368	8	1026	1
368	425	1026	1
8	368	1027	1
425	368	1027	1
497	367	1028	1
417	367	1029	1
417	9	1029	1
1	367	1029	1
1	9	1029	1
176	208	1030	1
676	1073	1031	1
676	9	1031	1
1	1073	1031	1
1	9	1031	1
689	80	1032	1
689	702	1032	1
1073	80	1032	1
1073	702	1032	1
80	689	1033	1
702	689	1033	1
80	1073	1033	1
702	1073	1033	1
225	223	1034	1
225	28	1034	1
1	223	1034	1
1	28	1034	1
195	227	1035	1
195	80	1035	1
200	227	1035	1
200	80	1035	1
311	762	1036	1
311	22	1036	1
23	762	1036	1
23	22	1036	1
762	311	1037	1
22	311	1037	1
762	23	1037	1
22	23	1037	1
741	309	1038	1
741	13	1038	1
741	24	1038	1
7	309	1038	1
7	13	1038	1
7	24	1038	1
1	309	1038	1
1	13	1038	1
1	24	1038	1
975	214	1039	1
975	6	1039	1
5	214	1039	1
5	6	1039	1
59	214	1039	1
59	6	1039	1
214	975	1040	1
25	125	1041	1
25	4	1041	1
25	59	1041	1
1	125	1041	1
1	4	1041	1
1	59	1041	1
3	125	1041	1
3	4	1041	1
3	59	1041	1
25	80	1042	1
25	78	1042	1
1	80	1042	1
1	78	1042	1
596	39	1043	1
596	292	1043	1
292	596	1044	1
309	886	1045	1
309	4	1045	1
309	59	1045	1
3	886	1045	1
3	4	1045	1
3	59	1045	1
1	886	1045	1
1	4	1045	1
1	59	1045	1
2	18	1046	1
2	12	1046	1
2	306	1046	1
886	18	1046	1
886	12	1046	1
886	306	1046	1
10	18	1046	1
10	12	1046	1
10	306	1046	1
18	886	1047	1
306	886	1047	1
63	261	1048	1
2	8	1049	1
2	224	1049	1
64	8	1049	1
64	224	1049	1
63	608	1050	1
20	608	1050	1
608	63	1051	1
608	20	1051	1
138	31	1052	1
138	63	1052	1
31	138	1053	1
63	138	1053	1
319	64	1054	1
319	4	1054	1
319	59	1054	1
3	64	1054	1
3	4	1054	1
3	59	1054	1
64	319	1055	1
434	856	1056	1
434	4	1056	1
434	59	1056	1
3	856	1056	1
3	4	1056	1
3	59	1056	1
1	856	1056	1
1	4	1056	1
1	59	1056	1
1013	1191	1057	1
1013	1073	1057	1
1190	1191	1057	1
1190	1073	1057	1
1191	1013	1058	1
1073	1013	1058	1
1191	1190	1058	1
1073	1190	1058	1
126	183	1059	1
127	9	1060	1
127	248	1060	1
38	9	1060	1
38	248	1060	1
126	429	1061	1
429	126	1062	1
127	9	1063	1
127	215	1063	1
56	9	1063	1
56	215	1063	1
1036	1016	1065	1
1036	21	1065	1
580	408	1066	1
580	11	1066	1
580	1	1066	1
7	408	1066	1
7	11	1066	1
7	1	1066	1
696	12	1067	1
696	409	1067	1
654	12	1067	1
654	409	1067	1
1035	877	1068	1
707	611	1069	1
707	289	1069	1
611	707	1070	1
358	154	1071	1
358	13	1071	1
1	154	1071	1
1	13	1071	1
153	203	1072	1
203	153	1073	1
152	130	1074	1
152	331	1074	1
9	130	1074	1
9	331	1074	1
130	152	1075	1
331	152	1075	1
130	1118	1076	1
130	46	1076	1
493	1118	1076	1
493	46	1076	1
7	1118	1076	1
7	46	1076	1
1118	130	1077	1
878	876	1078	1
1066	947	1079	1
1066	13	1079	1
1	947	1079	1
1	13	1079	1
947	896	1080	1
947	1067	1080	1
9	896	1080	1
9	1067	1080	1
896	947	1081	1
1067	947	1081	1
35	387	1082	1
35	12	1082	1
2	1131	1084	1
2	112	1084	1
1129	1131	1084	1
1129	112	1084	1
1131	1132	1085	1
1131	12	1085	1
1	1132	1085	1
1	12	1085	1
5	6	1086	1
5	4	1086	1
3	6	1086	1
3	4	1086	1
49	22	1088	1
23	22	1088	1
1173	787	1089	1
1173	973	1089	1
59	787	1089	1
59	973	1089	1
787	1173	1090	1
257	230	1091	1
257	12	1091	1
1	230	1091	1
1	12	1091	1
48	55	1092	1
48	13	1092	1
1	55	1092	1
1	13	1092	1
1082	1176	1093	1
1082	12	1093	1
48	1176	1093	1
48	12	1093	1
1176	1082	1094	1
1082	1100	1095	1
1082	12	1095	1
35	1100	1095	1
35	12	1095	1
1100	1082	1096	1
246	581	1097	1
246	22	1097	1
23	581	1097	1
23	22	1097	1
581	246	1098	1
22	246	1098	1
581	23	1098	1
22	23	1098	1
17	19	1099	1
17	529	1099	1
996	19	1099	1
996	529	1099	1
210	1189	1100	1
210	298	1100	1
210	6	1100	1
210	1	1100	1
5	1189	1100	1
5	298	1100	1
5	6	1100	1
5	1	1100	1
59	1189	1100	1
59	298	1100	1
59	6	1100	1
59	1	1100	1
7	1189	1100	1
7	298	1100	1
7	6	1100	1
7	1	1100	1
1189	210	1101	1
298	210	1101	1
373	446	1102	1
373	1	1102	1
2	12	1103	1
2	375	1103	1
426	12	1103	1
426	375	1103	1
375	426	1104	1
375	18	1104	1
1	426	1104	1
1	18	1104	1
376	642	1105	1
376	20	1105	1
1	642	1105	1
1	20	1105	1
245	614	1106	1
614	245	1107	1
184	277	1108	1
277	184	1109	1
236	185	1110	1
922	898	1111	1
922	9	1111	1
1	898	1111	1
1	9	1111	1
2	8	1113	1
2	746	1113	1
413	8	1113	1
413	746	1113	1
8	413	1114	1
746	413	1114	1
50	660	1115	1
50	31	1115	1
50	1	1115	1
447	660	1115	1
447	31	1115	1
447	1	1115	1
660	50	1116	1
31	50	1116	1
749	1103	1117	1
1103	749	1118	1
605	105	1119	1
605	9	1119	1
1	105	1119	1
1	9	1119	1
627	105	1120	1
627	9	1120	1
1	105	1120	1
1	9	1120	1
436	105	1121	1
436	9	1121	1
1	105	1121	1
1	9	1121	1
564	545	1122	1
564	32	1122	1
1	545	1122	1
1	32	1122	1
723	492	1123	1
723	21	1123	1
1078	1076	1124	1
1078	10	1124	1
21	1076	1124	1
21	10	1124	1
1076	1078	1125	1
1076	21	1125	1
400	404	1126	1
400	1	1126	1
1151	1140	1127	1
1151	22	1127	1
23	1140	1127	1
23	22	1127	1
1140	1151	1128	1
22	1151	1128	1
1140	23	1128	1
22	23	1128	1
899	364	1129	1
899	26	1129	1
363	507	1130	1
507	363	1131	1
963	966	1132	1
39	966	1132	1
55	12	1133	1
55	25	1133	1
78	12	1133	1
78	25	1133	1
25	78	1134	1
963	965	1135	1
39	965	1135	1
756	95	1136	1
756	754	1136	1
1	95	1136	1
1	754	1136	1
95	756	1137	1
754	756	1137	1
976	978	1138	1
39	978	1138	1
27	1002	1139	1
27	12	1139	1
1	1002	1139	1
1	12	1139	1
254	1002	1139	1
254	12	1139	1
1002	27	1140	1
1002	254	1140	1
179	124	1141	1
179	1	1141	1
179	11	1141	1
578	144	1142	1
8	144	1143	1
166	144	1143	1
166	144	1144	1
166	9	1144	1
1	144	1144	1
1	9	1144	1
707	1119	1145	1
707	63	1145	1
707	289	1145	1
1	1119	1145	1
1	63	1145	1
1	289	1145	1
1119	707	1146	1
63	707	1146	1
5	6	1147	1
5	1	1147	1
5	782	1147	1
59	6	1147	1
59	1	1147	1
59	782	1147	1
1091	6	1147	1
1091	1	1147	1
1091	782	1147	1
782	1091	1148	1
21	28	1149	1
21	207	1149	1
150	28	1149	1
150	207	1149	1
960	401	1150	1
960	4	1150	1
960	59	1150	1
3	401	1150	1
3	4	1150	1
3	59	1150	1
83	76	1151	1
83	44	1151	1
10	76	1151	1
10	44	1151	1
76	83	1152	1
44	83	1152	1
693	836	1153	1
693	28	1153	1
1	836	1153	1
1	28	1153	1
42	18	1154	1
42	9	1154	1
1	18	1154	1
1	9	1154	1
427	128	1155	1
427	347	1155	1
209	128	1155	1
209	347	1155	1
128	427	1156	1
347	427	1156	1
128	209	1156	1
347	209	1156	1
346	973	1157	1
346	790	1157	1
59	973	1157	1
59	790	1157	1
790	346	1158	1
438	53	1159	1
438	23	1159	1
22	53	1159	1
22	23	1159	1
53	438	1160	1
23	438	1160	1
53	22	1160	1
23	22	1160	1
621	659	1161	1
621	77	1161	1
251	659	1161	1
251	77	1161	1
1	659	1161	1
1	77	1161	1
659	621	1162	1
659	251	1162	1
2	8	1163	1
2	1178	1163	1
567	8	1163	1
567	1178	1163	1
8	567	1164	1
1178	567	1164	1
2	8	1165	1
2	1179	1165	1
1180	8	1165	1
1180	1179	1165	1
8	1180	1166	1
1179	1180	1166	1
901	1068	1167	1
1068	901	1168	1
1060	1061	1169	1
1060	18	1169	1
1060	12	1169	1
1060	22	1169	1
2	1061	1169	1
2	18	1169	1
2	12	1169	1
2	22	1169	1
49	1061	1169	1
49	18	1169	1
49	12	1169	1
49	22	1169	1
1	1061	1169	1
1	18	1169	1
1	12	1169	1
1	22	1169	1
1061	1060	1170	1
18	1060	1170	1
22	1060	1170	1
1061	49	1170	1
18	49	1170	1
22	49	1170	1
895	1061	1171	1
895	12	1171	1
90	1061	1171	1
90	12	1171	1
1061	895	1172	1
1061	90	1172	1
683	1060	1173	1
683	4	1173	1
683	59	1173	1
3	1060	1173	1
3	4	1173	1
3	59	1173	1
1	1060	1173	1
1	4	1173	1
1	59	1173	1
1060	683	1174	1
21	10	1175	1
21	1077	1175	1
684	10	1175	1
684	1077	1175	1
1077	21	1176	1
1077	684	1176	1
379	715	1177	1
379	20	1177	1
52	715	1177	1
52	20	1177	1
715	379	1178	1
20	379	1178	1
379	629	1179	1
379	6	1179	1
5	629	1179	1
5	6	1179	1
59	629	1179	1
59	6	1179	1
247	454	1180	1
247	22	1180	1
23	454	1180	1
23	22	1180	1
454	247	1181	1
22	247	1181	1
454	23	1181	1
22	23	1181	1
429	183	1182	1
429	183	1183	1
405	182	1184	1
674	26	1185	1
674	69	1185	1
1	26	1185	1
1	69	1185	1
68	10	1186	1
68	585	1186	1
47	10	1186	1
47	585	1186	1
585	68	1187	1
585	47	1187	1
2	8	1188	1
2	231	1188	1
283	8	1188	1
283	231	1188	1
8	283	1189	1
231	283	1189	1
2	8	1190	1
2	468	1190	1
231	8	1190	1
231	468	1190	1
8	231	1191	1
468	231	1191	1
2	8	1192	1
2	229	1192	1
230	8	1192	1
230	229	1192	1
8	230	1193	1
229	230	1193	1
257	229	1194	1
257	80	1194	1
200	229	1194	1
200	80	1194	1
257	229	1195	1
257	43	1195	1
263	229	1195	1
263	43	1195	1
229	257	1196	1
43	257	1196	1
229	263	1196	1
43	263	1196	1
195	227	1197	1
195	43	1197	1
263	227	1197	1
263	43	1197	1
227	195	1198	1
43	195	1198	1
227	263	1198	1
43	263	1198	1
2	8	1199	1
2	227	1199	1
228	8	1199	1
228	227	1199	1
8	228	1200	1
227	228	1200	1
2	8	1201	1
2	257	1201	1
229	8	1201	1
229	257	1201	1
8	229	1202	1
257	229	1202	1
829	568	1203	1
829	1	1203	1
568	829	1204	1
1136	20	1205	1
1136	37	1205	1
20	1136	1206	1
37	1136	1206	1
1135	709	1207	1
709	1135	1208	1
1134	703	1209	1
703	1134	1210	1
8	481	1211	1
127	481	1211	1
470	11	1212	1
470	1	1212	1
23	22	1214	1
432	22	1215	1
432	4	1215	1
432	59	1215	1
3	22	1215	1
3	4	1215	1
3	59	1215	1
1	22	1215	1
1	4	1215	1
1	59	1215	1
1038	1039	1216	1
907	908	1217	1
907	8	1217	1
2	908	1217	1
2	8	1217	1
908	907	1218	1
8	907	1218	1
827	122	1219	1
8	122	1220	1
556	122	1220	1
217	123	1221	1
217	21	1221	1
28	123	1221	1
28	21	1221	1
123	217	1222	1
21	217	1222	1
123	28	1222	1
21	28	1222	1
275	172	1223	1
275	11	1223	1
20	833	1224	1
20	11	1224	1
83	833	1224	1
83	11	1224	1
658	426	1225	1
658	11	1225	1
422	516	1226	1
422	33	1226	1
74	516	1226	1
74	33	1226	1
421	145	1227	1
145	421	1228	1
1122	1008	1229	1
1122	8	1229	1
1122	9	1229	1
1122	1	1229	1
13	1008	1229	1
13	8	1229	1
13	9	1229	1
13	1	1229	1
2	1008	1229	1
2	8	1229	1
2	9	1229	1
2	1	1229	1
81	1117	1230	1
81	46	1230	1
493	1117	1230	1
493	46	1230	1
7	1117	1230	1
7	46	1230	1
1117	81	1231	1
263	235	1232	1
263	92	1232	1
1	235	1232	1
1	92	1232	1
409	234	1233	1
409	9	1233	1
1	234	1233	1
1	9	1233	1
1143	1141	1234	1
1143	1	1234	1
1141	1143	1235	1
880	879	1236	1
50	57	1237	1
50	1	1237	1
259	57	1237	1
259	1	1237	1
54	9	1238	1
54	458	1238	1
575	9	1238	1
575	458	1238	1
1182	567	1239	1
567	1182	1240	1
1183	1180	1241	1
1180	1183	1242	1
1049	1181	1243	1
1181	1049	1244	1
912	915	1245	1
140	915	1245	1
121	37	1246	1
121	24	1246	1
7	37	1246	1
7	24	1246	1
424	20	1247	1
424	37	1247	1
20	424	1248	1
37	424	1248	1
21	114	1249	1
37	114	1249	1
205	33	1250	1
205	37	1250	1
33	205	1251	1
37	205	1251	1
936	937	1252	1
1	937	1252	1
937	936	1253	1
935	937	1254	1
1	937	1254	1
937	935	1255	1
2	8	1256	1
2	9	1256	1
2	251	1256	1
600	8	1256	1
600	9	1256	1
600	251	1256	1
59	8	1256	1
59	9	1256	1
59	251	1256	1
600	251	1257	1
600	1	1257	1
910	305	1258	1
802	305	1258	1
910	360	1258	1
802	360	1258	1
574	610	1259	1
574	10	1259	1
513	840	1260	1
1	840	1260	1
840	513	1261	1
538	513	1262	1
538	1	1262	1
513	538	1263	1
665	511	1264	1
1	511	1264	1
511	665	1265	1
187	473	1266	1
869	84	1267	1
869	187	1267	1
84	869	1268	1
187	869	1268	1
135	87	1270	1
22	154	1271	1
154	22	1272	1
22	219	1273	1
22	11	1273	1
205	23	1274	1
205	11	1274	1
205	5	1274	1
205	59	1274	1
6	23	1274	1
6	11	1274	1
6	5	1274	1
6	59	1274	1
23	205	1275	1
926	120	1276	1
926	183	1276	1
1	120	1276	1
1	183	1276	1
1072	1153	1277	1
187	121	1278	1
187	4	1278	1
187	59	1278	1
3	121	1278	1
3	4	1278	1
3	59	1278	1
1	121	1278	1
1	4	1278	1
1	59	1278	1
394	121	1279	1
394	9	1279	1
1	121	1279	1
1	9	1279	1
1037	1017	1280	1
1037	21	1280	1
294	1001	1281	1
294	1	1281	1
417	456	1282	1
417	22	1282	1
23	456	1282	1
23	22	1282	1
456	417	1283	1
22	417	1283	1
456	23	1283	1
22	23	1283	1
2	8	1284	1
2	416	1284	1
488	8	1284	1
488	416	1284	1
418	584	1285	1
584	418	1286	1
274	240	1287	1
958	959	1288	1
1	959	1288	1
959	958	1289	1
514	959	1290	1
672	449	1291	1
672	9	1291	1
1	449	1291	1
1	9	1291	1
333	20	1292	1
333	429	1292	1
20	333	1293	1
429	333	1293	1
357	333	1294	1
357	1	1294	1
491	332	1295	1
491	8	1295	1
47	131	1296	1
47	11	1296	1
760	495	1297	1
760	11	1297	1
760	5	1297	1
760	59	1297	1
6	495	1297	1
6	11	1297	1
6	5	1297	1
6	59	1297	1
603	760	1298	1
334	36	1299	1
334	11	1299	1
2	8	1300	1
2	256	1300	1
341	8	1300	1
341	256	1300	1
8	341	1301	1
256	341	1301	1
256	258	1302	1
256	13	1302	1
1	258	1302	1
1	13	1302	1
2	8	1303	1
2	255	1303	1
573	8	1303	1
573	255	1303	1
255	573	1304	1
255	9	1304	1
1	573	1304	1
1	9	1304	1
573	255	1305	1
255	441	1306	1
255	13	1306	1
1	441	1306	1
1	13	1306	1
441	255	1307	1
257	12	1308	1
257	363	1308	1
78	12	1308	1
78	363	1308	1
363	257	1309	1
363	78	1309	1
133	204	1310	1
204	133	1311	1
451	139	1312	1
451	70	1312	1
1	139	1312	1
1	70	1312	1
1116	1115	1313	1
1113	1114	1314	1
1113	12	1314	1
1	1114	1314	1
1	12	1314	1
724	576	1315	1
724	1	1315	1
576	724	1316	1
397	578	1317	1
397	22	1317	1
23	578	1317	1
23	22	1317	1
578	397	1318	1
22	397	1318	1
578	23	1318	1
22	23	1318	1
839	1108	1319	1
839	1073	1319	1
1013	1108	1319	1
1013	1073	1319	1
1108	839	1320	1
1073	839	1320	1
1108	1013	1320	1
1073	1013	1320	1
168	374	1321	1
168	9	1321	1
1	374	1321	1
1	9	1321	1
350	536	1322	1
350	13	1322	1
1	536	1322	1
1	13	1322	1
536	350	1323	1
2	8	1324	1
2	1186	1324	1
1185	8	1324	1
1185	1186	1324	1
8	1185	1325	1
1186	1185	1325	1
1145	1144	1326	1
562	1081	1327	1
1081	562	1328	1
8	20	1329	1
54	20	1329	1
20	21	1330	1
20	11	1330	1
20	4	1330	1
20	59	1330	1
10	21	1330	1
10	11	1330	1
10	4	1330	1
10	59	1330	1
3	21	1330	1
3	11	1330	1
3	4	1330	1
3	59	1330	1
914	300	1331	1
914	20	1331	1
486	941	1332	1
486	22	1332	1
23	941	1332	1
23	22	1332	1
941	486	1333	1
22	486	1333	1
941	23	1333	1
22	23	1333	1
941	246	1334	1
941	4	1334	1
941	59	1334	1
3	246	1334	1
3	4	1334	1
3	59	1334	1
1	246	1334	1
1	4	1334	1
1	59	1334	1
2	8	1335	1
2	9	1335	1
2	784	1335	1
39	8	1335	1
39	9	1335	1
39	784	1335	1
209	8	1335	1
209	9	1335	1
209	784	1335	1
219	162	1336	1
219	22	1336	1
23	162	1336	1
23	22	1336	1
162	219	1337	1
22	219	1337	1
162	23	1337	1
22	23	1337	1
749	88	1338	1
749	161	1338	1
89	88	1338	1
89	161	1338	1
88	749	1339	1
161	749	1339	1
88	89	1339	1
161	89	1339	1
938	939	1340	1
938	749	1340	1
88	939	1340	1
88	749	1340	1
939	938	1341	1
749	938	1341	1
939	88	1341	1
749	88	1341	1
17	19	1342	1
17	996	1342	1
404	19	1342	1
404	996	1342	1
17	19	1343	1
17	501	1343	1
577	19	1343	1
577	501	1343	1
19	577	1344	1
501	577	1344	1
859	860	1345	1
859	28	1345	1
1	860	1345	1
1	28	1345	1
422	83	1346	1
422	33	1346	1
422	13	1346	1
1	83	1346	1
1	33	1346	1
1	13	1346	1
793	1074	1347	1
793	19	1347	1
17	1074	1347	1
17	19	1347	1
1074	793	1348	1
19	793	1348	1
2	8	1349	1
2	1095	1349	1
1094	8	1349	1
1094	1095	1349	1
1	8	1349	1
1	1095	1349	1
957	557	1350	1
835	649	1351	1
656	934	1352	1
656	22	1352	1
23	934	1352	1
23	22	1352	1
2	12	1353	1
2	862	1353	1
898	12	1353	1
898	862	1353	1
862	898	1354	1
587	335	1356	1
587	5	1356	1
587	59	1356	1
6	335	1356	1
6	5	1356	1
6	59	1356	1
335	587	1357	1
336	410	1358	1
336	9	1358	1
1	410	1358	1
1	9	1358	1
1040	1079	1359	1
1	1079	1359	1
29	20	1360	1
54	20	1360	1
896	1064	1361	1
896	9	1361	1
313	1064	1361	1
313	9	1361	1
602	259	1362	1
602	89	1362	1
259	602	1363	1
89	602	1363	1
487	1184	1364	1
487	28	1364	1
1	1184	1364	1
1	28	1364	1
1184	487	1365	1
28	487	1365	1
399	488	1366	1
488	399	1367	1
753	95	1368	1
753	87	1368	1
1	95	1368	1
1	87	1368	1
268	95	1369	1
268	67	1369	1
1	95	1369	1
1	67	1369	1
95	268	1370	1
67	268	1370	1
170	26	1371	1
170	95	1371	1
1	26	1371	1
1	95	1371	1
754	95	1372	1
754	26	1372	1
1	95	1372	1
1	26	1372	1
548	906	1373	1
548	24	1373	1
548	13	1373	1
7	906	1373	1
7	24	1373	1
7	13	1373	1
1	906	1373	1
1	24	1373	1
1	13	1373	1
2	1096	1375	1
2	112	1375	1
375	1096	1375	1
375	112	1375	1
1096	375	1376	1
112	375	1376	1
997	28	1377	1
997	215	1377	1
1	28	1377	1
1	215	1377	1
63	21	1378	1
63	4	1378	1
63	59	1378	1
10	21	1378	1
10	4	1378	1
10	59	1378	1
3	21	1378	1
3	4	1378	1
3	59	1378	1
21	63	1379	1
20	835	1380	1
50	20	1381	1
50	13	1381	1
343	20	1382	1
343	13	1382	1
357	624	1383	1
357	1	1383	1
306	1116	1384	1
306	1	1384	1
306	6	1384	1
7	1116	1384	1
7	1	1384	1
7	6	1384	1
5	1116	1384	1
5	1	1384	1
5	6	1384	1
59	1116	1384	1
59	1	1384	1
59	6	1384	1
1112	1115	1385	1
603	495	1386	1
2	8	1387	1
2	922	1387	1
897	8	1387	1
897	922	1387	1
8	897	1388	1
922	897	1388	1
213	284	1389	1
213	11	1389	1
213	4	1389	1
213	59	1389	1
10	284	1389	1
10	11	1389	1
10	4	1389	1
10	59	1389	1
3	284	1389	1
3	11	1389	1
3	4	1389	1
3	59	1389	1
212	71	1390	1
212	489	1390	1
129	71	1390	1
129	489	1390	1
374	283	1392	1
374	13	1392	1
1	283	1392	1
1	13	1392	1
408	509	1393	1
408	802	1393	1
360	509	1393	1
360	802	1393	1
509	408	1394	1
802	408	1394	1
509	360	1394	1
802	360	1394	1
554	1003	1395	1
721	537	1396	1
721	21	1396	1
838	1101	1397	1
838	43	1397	1
637	1101	1397	1
637	43	1397	1
271	8	1398	1
271	336	1398	1
69	8	1398	1
69	336	1398	1
8	271	1399	1
336	271	1399	1
8	69	1399	1
336	69	1399	1
1101	1102	1400	1
1101	43	1400	1
637	1102	1400	1
637	43	1400	1
1022	902	1401	1
1022	3	1401	1
4	902	1401	1
4	3	1401	1
59	902	1401	1
59	3	1401	1
322	490	1402	1
322	9	1402	1
1	490	1402	1
1	9	1402	1
821	22	1403	1
821	33	1403	1
1	22	1403	1
1	33	1403	1
55	12	1404	1
55	34	1404	1
673	12	1404	1
673	34	1404	1
34	673	1405	1
34	320	1406	1
34	14	1406	1
1	320	1406	1
1	14	1406	1
34	146	1407	1
146	34	1408	1
353	44	1409	1
353	207	1409	1
150	44	1409	1
150	207	1409	1
44	353	1410	1
207	353	1410	1
44	150	1410	1
207	150	1410	1
97	165	1411	1
165	97	1412	1
98	197	1413	1
98	9	1413	1
1	197	1413	1
1	9	1413	1
692	98	1414	1
2	8	1415	1
2	743	1415	1
72	8	1415	1
72	743	1415	1
8	72	1416	1
743	72	1416	1
360	802	1417	1
360	3	1417	1
59	802	1417	1
59	3	1417	1
4	802	1417	1
4	3	1417	1
3	18	1418	1
3	255	1418	1
1	18	1418	1
1	255	1418	1
189	191	1419	1
189	3	1419	1
4	191	1419	1
4	3	1419	1
59	191	1419	1
59	3	1419	1
82	1092	1421	1
82	4	1421	1
82	59	1421	1
644	1092	1421	1
644	4	1421	1
644	59	1421	1
3	1092	1421	1
3	4	1421	1
3	59	1421	1
1070	1008	1422	1
1070	5	1422	1
1070	59	1422	1
6	1008	1422	1
6	5	1422	1
6	59	1422	1
2	8	1423	1
2	9	1423	1
2	1162	1423	1
22	8	1423	1
22	9	1423	1
22	1162	1423	1
525	8	1423	1
525	9	1423	1
525	1162	1423	1
525	83	1424	1
525	22	1424	1
23	83	1424	1
23	22	1424	1
83	525	1425	1
22	525	1425	1
83	23	1425	1
22	23	1425	1
2	18	1426	1
2	12	1426	1
2	594	1426	1
215	18	1426	1
215	12	1426	1
215	594	1426	1
38	18	1426	1
38	12	1426	1
38	594	1426	1
18	215	1427	1
594	215	1427	1
18	38	1427	1
594	38	1427	1
100	51	1428	1
100	1	1428	1
24	51	1428	1
24	1	1428	1
78	327	1429	1
327	78	1430	1
891	892	1431	1
892	891	1432	1
844	771	1433	1
844	22	1433	1
783	533	1434	1
783	22	1434	1
250	1127	1435	1
250	1	1435	1
20	1127	1435	1
20	1	1435	1
21	10	1436	1
21	1130	1436	1
656	10	1436	1
656	1130	1436	1
633	657	1437	1
657	633	1438	1
345	20	1439	1
345	13	1439	1
663	668	1440	1
663	22	1440	1
23	668	1440	1
23	22	1440	1
668	663	1441	1
22	663	1441	1
668	23	1441	1
22	23	1441	1
856	1137	1442	1
856	14	1442	1
461	1137	1442	1
461	14	1442	1
663	33	1443	1
663	325	1443	1
1	33	1443	1
1	325	1443	1
33	663	1444	1
325	663	1444	1
325	334	1445	1
334	325	1446	1
435	453	1447	1
435	5	1447	1
435	59	1447	1
6	453	1447	1
6	5	1447	1
6	59	1447	1
453	435	1448	1
25	14	1449	1
25	336	1449	1
327	14	1449	1
327	336	1449	1
2	8	1450	1
2	712	1450	1
713	8	1450	1
713	712	1450	1
8	713	1451	1
712	713	1451	1
700	93	1452	1
700	687	1452	1
93	700	1453	1
687	700	1453	1
457	667	1454	1
464	457	1455	1
464	13	1455	1
1	457	1455	1
1	13	1455	1
381	130	1456	1
381	4	1456	1
381	59	1456	1
3	130	1456	1
3	4	1456	1
3	59	1456	1
130	381	1457	1
763	925	1458	1
317	768	1459	1
317	340	1459	1
317	24	1459	1
317	59	1459	1
7	768	1459	1
7	340	1459	1
7	24	1459	1
7	59	1459	1
768	317	1460	1
962	964	1461	1
39	964	1461	1
64	414	1462	1
217	428	1463	1
217	428	1464	1
50	510	1465	1
50	1	1465	1
510	50	1466	1
292	20	1467	1
292	4	1467	1
292	59	1467	1
3	20	1467	1
3	4	1467	1
3	59	1467	1
1	20	1467	1
1	4	1467	1
1	59	1467	1
23	748	1468	1
23	11	1468	1
52	748	1468	1
52	11	1468	1
323	326	1469	1
323	5	1469	1
6	326	1469	1
6	5	1469	1
59	326	1469	1
59	5	1469	1
326	323	1470	1
60	79	1471	1
60	80	1471	1
200	79	1471	1
200	80	1471	1
235	81	1472	1
235	13	1472	1
1	81	1472	1
1	13	1472	1
244	81	1473	1
244	4	1473	1
244	59	1473	1
3	81	1473	1
3	4	1473	1
3	59	1473	1
81	244	1474	1
238	330	1475	1
238	22	1475	1
23	330	1475	1
23	22	1475	1
330	238	1476	1
22	238	1476	1
330	23	1476	1
22	23	1476	1
475	13	1477	1
475	11	1477	1
196	13	1477	1
196	11	1477	1
59	13	1477	1
59	11	1477	1
554	405	1478	1
594	93	1479	1
594	47	1479	1
93	594	1480	1
47	594	1480	1
619	93	1481	1
619	18	1481	1
93	619	1482	1
18	619	1482	1
114	93	1483	1
114	1	1483	1
93	114	1484	1
835	715	1485	1
835	20	1485	1
52	715	1485	1
52	20	1485	1
715	835	1486	1
20	835	1486	1
2	18	1487	1
2	54	1487	1
2	9	1487	1
20	18	1487	1
20	54	1487	1
20	9	1487	1
1	18	1487	1
1	54	1487	1
1	9	1487	1
18	20	1488	1
54	20	1488	1
691	655	1489	1
691	1	1489	1
691	9	1489	1
999	655	1489	1
999	1	1489	1
999	9	1489	1
889	279	1490	1
889	21	1490	1
10	279	1490	1
10	21	1490	1
279	889	1491	1
21	889	1491	1
487	108	1492	1
1	108	1492	1
149	26	1493	1
1	26	1493	1
256	341	1494	1
256	80	1494	1
200	341	1494	1
200	80	1494	1
114	30	1495	1
114	24	1495	1
7	30	1495	1
7	24	1495	1
1015	10	1496	1
1015	867	1496	1
1	10	1496	1
1	867	1496	1
239	10	1497	1
239	479	1497	1
1	10	1497	1
1	479	1497	1
502	10	1498	1
502	864	1498	1
1	10	1498	1
1	864	1498	1
278	10	1499	1
278	342	1499	1
1	10	1499	1
1	342	1499	1
503	10	1500	1
503	483	1500	1
1	10	1500	1
1	483	1500	1
894	927	1501	1
894	1	1501	1
39	927	1501	1
39	1	1501	1
927	894	1502	1
894	1052	1503	1
894	3	1503	1
4	1052	1503	1
4	3	1503	1
59	1052	1503	1
59	3	1503	1
1052	894	1504	1
595	822	1505	1
595	22	1505	1
23	822	1505	1
23	22	1505	1
822	595	1506	1
22	595	1506	1
822	23	1506	1
22	23	1506	1
39	476	1507	1
39	494	1507	1
497	103	1508	1
497	4	1508	1
497	59	1508	1
1	103	1508	1
1	4	1508	1
1	59	1508	1
3	103	1508	1
3	4	1508	1
3	59	1508	1
842	843	1509	1
842	9	1509	1
1	843	1509	1
1	9	1509	1
842	841	1510	1
842	22	1510	1
23	841	1510	1
23	22	1510	1
841	842	1511	1
22	842	1511	1
841	23	1511	1
22	23	1511	1
984	990	1512	1
984	465	1512	1
39	990	1512	1
39	465	1512	1
990	984	1513	1
548	848	1514	1
548	24	1514	1
548	13	1514	1
7	848	1514	1
7	24	1514	1
7	13	1514	1
59	848	1514	1
59	24	1514	1
59	13	1514	1
21	10	1515	1
21	544	1515	1
547	10	1515	1
547	544	1515	1
990	988	1516	1
990	465	1516	1
39	988	1516	1
39	465	1516	1
988	990	1517	1
254	641	1518	1
254	12	1518	1
97	641	1518	1
97	12	1518	1
2	8	1519	1
2	9	1519	1
2	127	1519	1
196	8	1519	1
196	9	1519	1
196	127	1519	1
13	8	1519	1
13	9	1519	1
13	127	1519	1
8	659	1521	1
681	659	1521	1
22	659	1521	1
8	49	1521	1
681	49	1521	1
22	49	1521	1
220	248	1522	1
1	248	1522	1
248	220	1523	1
900	1090	1524	1
900	157	1524	1
1	1090	1524	1
1	157	1524	1
316	144	1525	1
144	316	1526	1
363	934	1527	1
363	1	1527	1
934	335	1528	1
1032	1031	1529	1
1032	1	1529	1
1031	1032	1530	1
1029	1030	1531	1
1029	21	1531	1
311	281	1532	1
311	11	1532	1
30	38	1533	1
30	179	1533	1
359	38	1533	1
359	179	1533	1
38	30	1534	1
179	30	1534	1
38	359	1534	1
179	359	1534	1
1118	1124	1535	1
1118	11	1535	1
1118	13	1535	1
1	1124	1535	1
1	11	1535	1
1	13	1535	1
1124	1118	1536	1
398	180	1538	1
398	5	1538	1
398	59	1538	1
6	180	1538	1
6	5	1538	1
6	59	1538	1
180	398	1539	1
2	8	1540	1
2	9	1540	1
2	706	1540	1
705	8	1540	1
705	9	1540	1
705	706	1540	1
396	8	1540	1
396	9	1540	1
396	706	1540	1
2	8	1541	1
2	225	1541	1
108	8	1541	1
108	225	1541	1
8	108	1542	1
225	108	1542	1
629	109	1543	1
629	1	1543	1
2	12	1544	1
2	773	1544	1
778	12	1544	1
778	773	1544	1
2	8	1546	1
2	777	1546	1
773	8	1546	1
773	777	1546	1
8	773	1547	1
777	773	1547	1
214	448	1548	1
214	5	1548	1
214	59	1548	1
6	448	1548	1
6	5	1548	1
6	59	1548	1
448	214	1549	1
24	7	1550	1
24	1	1550	1
54	30	1551	1
30	114	1552	1
2	8	1553	1
2	54	1553	1
2	11	1553	1
30	8	1553	1
30	54	1553	1
30	11	1553	1
8	30	1554	1
54	30	1554	1
526	30	1555	1
526	13	1555	1
1	30	1555	1
1	13	1555	1
743	193	1556	1
743	161	1556	1
89	193	1556	1
89	161	1556	1
193	743	1557	1
161	743	1557	1
193	89	1557	1
161	89	1557	1
598	378	1558	1
833	961	1559	1
961	833	1560	1
961	834	1561	1
832	831	1562	1
95	392	1563	1
392	95	1564	1
243	559	1565	1
243	307	1566	1
1126	1125	1567	1
1126	481	1567	1
1	1125	1567	1
1	481	1567	1
445	68	1568	1
68	445	1569	1
662	540	1570	1
662	1	1570	1
540	662	1571	1
1164	130	1572	1
1164	4	1572	1
1164	59	1572	1
3	130	1572	1
3	4	1572	1
3	59	1572	1
130	1164	1573	1
498	626	1574	1
498	1	1574	1
2	18	1575	1
2	717	1575	1
2	9	1575	1
478	18	1575	1
478	717	1575	1
478	9	1575	1
1	18	1575	1
1	717	1575	1
1	9	1575	1
727	499	1577	1
727	21	1577	1
78	69	1578	1
69	78	1579	1
581	265	1580	1
581	4	1580	1
581	59	1580	1
3	265	1580	1
3	4	1580	1
3	59	1580	1
1	265	1580	1
1	4	1580	1
1	59	1580	1
2	8	1581	1
2	9	1581	1
2	286	1581	1
266	8	1581	1
266	9	1581	1
266	286	1581	1
10	8	1581	1
10	9	1581	1
10	286	1581	1
8	266	1582	1
286	266	1582	1
267	20	1583	1
267	13	1583	1
267	500	1583	1
1	20	1583	1
1	13	1583	1
1	500	1583	1
20	267	1584	1
500	267	1584	1
54	680	1585	1
54	9	1585	1
34	680	1585	1
34	9	1585	1
55	80	1586	1
55	12	1586	1
1	80	1586	1
1	12	1586	1
247	28	1587	1
247	56	1587	1
1	28	1587	1
1	56	1587	1
924	926	1588	1
924	9	1588	1
1	926	1588	1
1	9	1588	1
2	8	1590	1
2	433	1590	1
505	8	1590	1
505	433	1590	1
8	505	1591	1
433	505	1591	1
1093	913	1592	1
39	913	1592	1
913	1093	1593	1
583	432	1595	1
76	512	1596	1
30	512	1596	1
169	111	1597	1
90	111	1597	1
2	8	1598	1
2	111	1598	1
237	8	1598	1
237	111	1598	1
111	237	1599	1
111	9	1599	1
1	237	1599	1
1	9	1599	1
110	77	1600	1
110	390	1600	1
109	77	1600	1
109	390	1600	1
1	77	1600	1
1	390	1600	1
390	110	1601	1
390	109	1601	1
110	249	1602	1
31	110	1603	1
31	13	1603	1
31	11	1603	1
31	4	1603	1
31	59	1603	1
77	110	1603	1
77	13	1603	1
77	11	1603	1
77	4	1603	1
77	59	1603	1
3	110	1603	1
3	13	1603	1
3	11	1603	1
3	4	1603	1
3	59	1603	1
110	31	1604	1
110	251	1605	1
110	5	1605	1
6	251	1605	1
6	5	1605	1
251	110	1606	1
780	779	1607	1
780	13	1607	1
780	20	1607	1
1	779	1607	1
1	13	1607	1
1	20	1607	1
779	780	1608	1
20	780	1608	1
407	780	1609	1
407	28	1609	1
774	780	1609	1
774	28	1609	1
780	407	1610	1
28	407	1610	1
780	774	1610	1
28	774	1610	1
781	780	1611	1
781	9	1611	1
774	780	1611	1
774	9	1611	1
780	781	1612	1
780	774	1612	1
422	780	1613	1
422	33	1613	1
774	780	1613	1
774	33	1613	1
780	422	1614	1
33	422	1614	1
780	774	1614	1
33	774	1614	1
655	180	1615	1
655	691	1615	1
338	682	1616	1
338	4	1616	1
338	59	1616	1
3	682	1616	1
3	4	1616	1
3	59	1616	1
682	338	1617	1
188	72	1618	1
72	188	1619	1
164	77	1620	1
164	659	1620	1
621	77	1620	1
621	659	1620	1
659	164	1621	1
659	621	1621	1
38	93	1622	1
38	13	1622	1
93	38	1623	1
2	8	1624	1
2	9	1624	1
2	39	1624	1
328	8	1624	1
328	9	1624	1
328	39	1624	1
31	8	1624	1
31	9	1624	1
31	39	1624	1
39	476	1625	1
39	22	1625	1
1	476	1625	1
1	22	1625	1
638	454	1626	1
190	320	1627	1
190	20	1627	1
320	190	1628	1
20	190	1628	1
192	318	1629	1
318	192	1630	1
192	743	1631	1
743	192	1632	1
815	816	1633	1
815	44	1633	1
1	816	1633	1
1	44	1633	1
822	821	1634	1
822	4	1634	1
822	59	1634	1
3	821	1634	1
3	4	1634	1
3	59	1634	1
1	821	1634	1
1	4	1634	1
1	59	1634	1
816	846	1635	1
846	816	1636	1
274	240	1637	1
2	8	1638	1
2	9	1638	1
2	240	1638	1
382	8	1638	1
382	9	1638	1
382	240	1638	1
22	8	1638	1
22	9	1638	1
22	240	1638	1
142	875	1639	1
142	789	1639	1
111	875	1639	1
111	789	1639	1
875	142	1640	1
789	142	1640	1
875	111	1640	1
789	111	1640	1
874	875	1641	1
874	12	1641	1
35	875	1641	1
35	12	1641	1
875	874	1642	1
873	874	1643	1
873	8	1643	1
2	874	1643	1
2	8	1643	1
874	873	1644	1
8	873	1644	1
871	872	1645	1
871	289	1645	1
2	872	1645	1
2	289	1645	1
872	871	1646	1
2	8	1647	1
2	435	1647	1
157	8	1647	1
157	435	1647	1
8	157	1648	1
435	157	1648	1
188	157	1649	1
157	188	1650	1
102	1001	1651	1
102	22	1651	1
102	1	1651	1
23	1001	1651	1
23	22	1651	1
23	1	1651	1
2	8	1652	1
2	9	1652	1
2	689	1652	1
810	8	1652	1
810	9	1652	1
810	689	1652	1
396	8	1652	1
396	9	1652	1
396	689	1652	1
25	78	1653	1
25	40	1653	1
252	78	1653	1
252	40	1653	1
78	25	1654	1
40	25	1654	1
78	252	1654	1
40	252	1654	1
1157	1158	1655	1
1158	1157	1656	1
1155	1156	1657	1
1156	1155	1658	1
1055	1054	1659	1
873	874	1660	1
873	29	1660	1
35	874	1660	1
35	29	1660	1
874	873	1661	1
29	873	1661	1
1164	1165	1662	1
1	1165	1662	1
1165	1164	1663	1
273	620	1664	1
273	1	1664	1
521	272	1665	1
1	272	1665	1
272	506	1666	1
272	13	1666	1
272	11	1666	1
1	506	1666	1
1	13	1666	1
1	11	1666	1
388	541	1667	1
388	1	1667	1
541	388	1668	1
385	558	1669	1
688	388	1670	1
688	9	1670	1
384	1080	1671	1
1080	384	1672	1
623	113	1673	1
151	112	1674	1
151	92	1674	1
1	112	1674	1
1	92	1674	1
112	185	1675	1
112	13	1675	1
1	185	1675	1
1	13	1675	1
26	72	1676	1
72	26	1677	1
136	26	1678	1
1	26	1678	1
78	26	1679	1
78	9	1679	1
1	26	1679	1
1	9	1679	1
1142	439	1680	1
1142	1143	1680	1
210	439	1680	1
210	1143	1680	1
439	1142	1681	1
1143	1142	1681	1
439	210	1681	1
1143	210	1681	1
522	471	1682	1
1	471	1682	1
467	853	1683	1
467	12	1683	1
1	853	1683	1
1	12	1683	1
2	8	1684	1
2	467	1684	1
466	8	1684	1
466	467	1684	1
8	466	1685	1
467	466	1685	1
524	472	1686	1
1	472	1686	1
263	200	1687	1
263	13	1687	1
1	200	1687	1
1	13	1687	1
388	199	1688	1
420	198	1689	1
420	90	1689	1
12	198	1689	1
12	90	1689	1
198	420	1690	1
90	420	1690	1
200	81	1691	1
200	313	1691	1
9	81	1691	1
9	313	1691	1
81	200	1692	1
313	200	1692	1
472	200	1693	1
472	9	1693	1
1	200	1693	1
1	9	1693	1
351	194	1694	1
351	13	1694	1
351	20	1694	1
1	194	1694	1
1	13	1694	1
1	20	1694	1
1033	1032	1695	1
1033	1034	1696	1
1033	21	1696	1
2	18	1697	1
2	699	1697	1
462	18	1697	1
462	699	1697	1
18	462	1698	1
699	462	1698	1
704	187	1699	1
704	462	1699	1
187	704	1700	1
462	704	1700	1
652	463	1701	1
463	652	1702	1
1045	568	1703	1
1045	21	1703	1
10	568	1703	1
10	21	1703	1
1045	1043	1704	1
1042	1043	1705	1
1	1043	1705	1
1043	1042	1706	1
1041	1044	1707	1
1041	21	1707	1
10	1044	1707	1
10	21	1707	1
2	289	1708	1
2	142	1708	1
365	289	1708	1
365	142	1708	1
142	365	1709	1
427	128	1710	1
427	1053	1710	1
486	128	1710	1
486	1053	1710	1
128	427	1711	1
1053	427	1711	1
128	486	1711	1
1053	486	1711	1
2	8	1712	1
2	746	1712	1
743	8	1712	1
743	746	1712	1
2	9	1713	1
2	12	1713	1
2	776	1713	1
742	9	1713	1
742	12	1713	1
742	776	1713	1
1	9	1713	1
1	12	1713	1
1	776	1713	1
776	742	1714	1
1119	1122	1715	1
1119	13	1715	1
55	14	1716	1
55	224	1716	1
64	14	1716	1
64	224	1716	1
14	64	1717	1
224	64	1717	1
749	193	1718	1
749	64	1718	1
89	193	1718	1
89	64	1718	1
193	749	1719	1
64	749	1719	1
193	89	1719	1
64	89	1719	1
932	940	1720	1
1	940	1720	1
69	453	1721	1
69	5	1721	1
69	59	1721	1
6	453	1721	1
6	5	1721	1
6	59	1721	1
453	69	1722	1
702	811	1723	1
702	14	1723	1
34	811	1723	1
34	14	1723	1
44	59	1724	1
44	11	1724	1
44	4	1724	1
3	59	1724	1
3	11	1724	1
3	4	1724	1
55	14	1726	1
55	43	1726	1
263	14	1726	1
263	43	1726	1
14	263	1727	1
43	263	1727	1
35	29	1728	1
35	43	1728	1
263	29	1728	1
263	43	1728	1
29	263	1729	1
43	263	1729	1
48	43	1730	1
48	12	1730	1
1	43	1730	1
1	12	1730	1
2	8	1731	1
2	85	1731	1
43	8	1731	1
43	85	1731	1
8	43	1732	1
85	43	1732	1
2	8	1733	1
2	43	1733	1
263	8	1733	1
263	43	1733	1
8	263	1734	1
43	263	1734	1
43	235	1735	1
43	88	1735	1
1	235	1735	1
1	88	1735	1
43	263	1736	1
43	9	1736	1
1	263	1736	1
1	9	1736	1
