442	637	1	1
669	442	2	1
116	178	3	1
97	254	4	1
10	284	5	1
880	21	5	1
880	284	5	1
17	19	6	1
796	797	6	1
797	796	7	1
5	6	8	1
795	796	8	1
794	795	9	1
17	19	10	1
791	792	10	1
585	595	11	1
23	22	12	1
582	832	12	1
22	23	13	1
832	582	13	1
380	354	14	1
2	8	15	1
485	268	17	1
485	95	17	1
195	216	18	1
216	195	19	1
2	8	20	1
227	195	20	1
195	227	21	1
227	195	22	1
54	20	22	1
2	8	23	1
402	496	23	1
496	402	24	1
336	26	25	1
336	69	25	1
54	20	26	1
60	98	27	1
2	8	28	1
79	60	28	1
5	6	30	1
189	191	30	1
25	14	32	1
69	336	32	1
25	336	32	1
740	739	33	1
739	740	34	1
1174	1083	35	1
2	8	36	1
1147	1148	36	1
1148	1147	37	1
707	1167	38	1
1167	707	39	1
140	380	40	1
380	140	41	1
10	958	42	1
1111	21	42	1
1111	958	42	1
166	89	43	1
460	20	44	1
460	89	44	1
20	460	45	1
89	460	45	1
89	161	46	1
64	193	46	1
161	89	47	1
193	64	47	1
332	63	48	1
332	89	48	1
63	332	49	1
89	332	49	1
618	84	50	1
618	89	50	1
84	618	51	1
89	618	51	1
224	84	52	1
224	89	52	1
84	224	53	1
89	224	53	1
443	678	54	1
678	443	55	1
10	117	56	1
175	117	56	1
117	175	57	1
391	28	58	1
194	74	58	1
391	74	58	1
318	73	59	1
73	318	60	1
73	448	61	1
17	19	62	1
800	1075	62	1
1075	800	63	1
118	794	64	1
641	794	64	1
1149	1150	65	1
1150	1149	66	1
1146	1147	67	1
1147	1146	68	1
1148	84	69	1
1148	1145	69	1
84	1148	70	1
1145	1148	70	1
2	301	71	1
2	18	73	1
2	8	74	1
459	675	74	1
675	459	75	1
17	53	76	1
592	675	76	1
592	44	76	1
2	8	77	1
477	562	77	1
562	477	78	1
448	975	79	1
975	448	80	1
302	86	81	1
6	5	82	1
349	1003	82	1
1003	349	83	1
302	86	84	1
413	84	85	1
413	303	85	1
84	413	86	1
303	413	86	1
3	4	87	1
302	344	87	1
6	5	88	1
302	344	88	1
6	5	89	1
623	22	89	1
3	4	90	1
623	22	90	1
20	181	91	1
1089	1088	92	1
721	720	93	1
720	734	94	1
734	720	95	1
723	722	96	1
2	8	97	1
226	148	97	1
148	226	98	1
3	4	99	1
147	657	99	1
657	147	100	1
356	147	101	1
2	8	102	1
147	666	102	1
99	148	103	1
263	43	103	1
148	99	104	1
43	263	104	1
99	148	105	1
200	80	105	1
527	130	106	1
3	4	107	1
13	141	107	1
696	409	109	1
1120	409	109	1
324	69	110	1
52	565	111	1
295	1007	113	1
574	998	114	1
998	10	115	1
998	610	115	1
788	873	116	1
873	788	117	1
2	18	118	1
88	90	118	1
90	88	119	1
870	182	120	1
405	182	121	1
596	39	122	1
596	181	122	1
706	80	123	1
1073	812	123	1
80	706	124	1
812	1073	124	1
916	917	125	1
917	916	126	1
2	8	127	1
917	918	127	1
918	917	128	1
89	919	129	1
918	43	130	1
918	920	130	1
39	979	131	1
977	979	131	1
747	205	132	1
308	608	133	1
608	308	134	1
670	33	135	1
670	308	135	1
598	293	136	1
48	43	137	1
74	658	137	1
601	658	137	1
3	4	138	1
294	219	138	1
49	22	139	1
64	223	139	1
49	223	139	1
22	49	140	1
223	64	140	1
223	49	140	1
2	8	141	1
72	64	141	1
64	72	142	1
224	64	143	1
223	64	144	1
48	85	145	1
64	224	145	1
224	64	146	1
126	183	147	1
2	8	148	1
415	618	148	1
48	85	149	1
415	618	149	1
17	664	150	1
412	402	150	1
402	412	151	1
55	14	152	1
415	618	152	1
60	79	153	1
415	618	153	1
151	197	154	1
151	112	155	1
112	151	156	1
471	151	157	1
2	8	158	1
152	230	158	1
230	152	159	1
283	81	160	1
81	283	161	1
3	4	162	1
650	825	162	1
825	650	163	1
6	5	164	1
650	825	164	1
825	650	165	1
643	649	166	1
649	109	167	1
2	8	168	1
651	654	168	1
46	15	169	1
15	18	171	1
15	46	171	1
23	411	172	1
67	72	173	1
67	26	173	1
67	518	174	1
67	188	174	1
49	22	175	1
38	115	175	1
2	8	176	1
49	22	176	1
49	127	176	1
2	8	177	1
85	48	177	1
2	8	179	1
55	48	179	1
54	20	181	1
2	8	182	1
49	22	182	1
55	48	182	1
441	366	183	1
366	18	184	1
366	441	184	1
177	376	185	1
376	177	186	1
49	22	187	1
177	914	187	1
177	179	188	1
458	177	189	1
208	176	190	1
7	24	190	1
288	176	191	1
7	24	191	1
3	4	192	1
847	223	193	1
223	847	194	1
950	511	195	1
511	950	196	1
2	8	197	1
430	90	197	1
90	430	198	1
949	948	199	1
510	1152	200	1
4	18	201	1
4	1168	201	1
808	612	202	1
409	234	203	1
931	920	204	1
920	931	205	1
2	8	206	1
26	69	206	1
25	40	207	1
40	25	208	1
292	385	209	1
495	292	210	1
7	24	210	1
2	8	211	1
21	62	211	1
196	62	211	1
62	21	212	1
139	63	213	1
6	5	214	1
250	569	214	1
569	250	215	1
490	236	216	1
236	490	217	1
263	235	218	1
235	263	219	1
809	178	220	1
178	809	221	1
573	116	222	1
551	90	223	1
551	2	223	1
90	551	224	1
104	173	225	1
123	217	225	1
173	104	226	1
217	123	226	1
406	10	227	1
406	412	227	1
412	406	228	1
407	28	229	1
74	516	229	1
407	516	229	1
143	628	230	1
3	4	231	1
642	143	231	1
1117	1123	232	1
1117	481	232	1
1123	1117	233	1
481	1117	233	1
1117	1123	234	1
1123	1117	235	1
1118	1124	236	1
1118	481	236	1
1124	1118	237	1
481	1118	237	1
1010	14	238	1
1073	1012	238	1
1010	1012	238	1
164	77	239	1
1009	1010	239	1
1010	1009	240	1
775	782	241	1
775	20	241	1
782	775	242	1
20	775	242	1
671	639	243	1
779	742	243	1
639	671	244	1
742	779	244	1
2	8	245	1
3	6	245	1
2	8	247	1
38	700	247	1
695	700	247	1
697	789	248	1
534	345	249	1
2	8	250	1
31	1163	250	1
1162	1163	250	1
686	456	251	1
1179	84	252	1
84	1179	253	1
1178	84	254	1
84	1178	255	1
428	371	256	1
371	428	257	1
591	370	258	1
370	591	259	1
760	31	260	1
760	63	260	1
2	8	261	1
186	419	261	1
197	185	262	1
197	92	262	1
250	186	263	1
250	186	264	1
68	10	265	1
186	422	265	1
21	10	266	1
186	407	266	1
418	161	267	1
161	418	268	1
514	21	269	1
226	296	270	1
225	648	271	1
648	225	272	1
1104	1105	273	1
712	1107	274	1
1013	1073	274	1
1107	712	275	1
1073	1013	275	1
838	1106	276	1
1013	1073	276	1
1106	838	277	1
1073	1013	277	1
6	5	278	1
452	95	279	1
452	105	279	1
20	21	280	1
10	76	281	1
83	76	281	1
76	83	282	1
560	576	283	1
576	560	284	1
6	5	285	1
478	772	285	1
606	1175	287	1
255	3	288	1
616	630	290	1
7	24	290	1
638	314	291	1
39	96	292	1
744	698	292	1
698	744	293	1
39	96	294	1
826	694	294	1
694	826	295	1
422	33	296	1
74	291	296	1
422	291	296	1
256	168	297	1
3	4	298	1
304	174	298	1
174	304	299	1
1133	430	300	1
428	607	301	1
607	428	302	1
20	624	303	1
429	624	303	1
624	20	304	1
624	429	304	1
2	8	305	1
203	145	305	1
2	8	306	1
145	440	306	1
6	5	307	1
222	145	307	1
145	222	308	1
145	161	309	1
161	145	310	1
128	112	311	1
128	570	311	1
371	714	312	1
714	371	313	1
23	22	314	1
102	294	314	1
22	23	315	1
294	102	315	1
2	8	316	1
22	820	316	1
819	820	316	1
820	22	317	1
820	819	317	1
2	8	318	1
18	8	318	1
8	18	319	1
455	8	320	1
21	10	321	1
847	673	321	1
138	1139	322	1
480	348	323	1
1069	764	324	1
770	377	325	1
377	770	326	1
1028	1027	327	1
1027	1028	328	1
37	121	329	1
36	486	330	1
155	51	331	1
7	24	331	1
1025	1024	332	1
378	183	333	1
929	315	334	1
3	4	335	1
842	929	335	1
751	352	336	1
751	95	336	1
352	751	337	1
95	751	337	1
3	4	338	1
398	180	338	1
180	398	339	1
715	52	340	1
83	833	340	1
833	83	341	1
530	519	342	1
519	530	343	1
21	10	344	1
22	314	344	1
23	22	345	1
32	20	345	1
22	23	346	1
20	32	346	1
49	22	347	1
49	13	347	1
2	8	348	1
494	22	348	1
2	8	349	1
22	49	349	1
13	49	349	1
49	22	350	1
74	20	352	1
74	194	352	1
21	28	353	1
119	299	353	1
28	21	354	1
299	119	354	1
119	205	355	1
205	119	356	1
119	241	357	1
241	119	358	1
752	120	359	1
752	95	359	1
120	752	360	1
95	752	360	1
3	4	361	1
1005	1006	361	1
2	8	362	1
22	1004	362	1
102	1004	362	1
6	5	363	1
1005	1006	363	1
1006	22	364	1
1006	219	364	1
421	669	365	1
3	4	366	1
262	233	366	1
233	262	367	1
758	757	368	1
300	382	369	1
300	382	370	1
462	382	370	1
382	300	371	1
382	462	371	1
2	8	372	1
468	258	372	1
258	468	373	1
258	468	374	1
200	80	374	1
3	4	375	1
1056	1057	375	1
136	157	376	1
2	8	377	1
31	621	377	1
571	621	377	1
441	178	378	1
572	697	378	1
17	19	379	1
520	923	379	1
3	4	380	1
310	355	380	1
355	310	381	1
321	16	382	1
7	24	382	1
39	96	383	1
315	16	384	1
7	24	384	1
39	989	385	1
986	989	385	1
989	986	386	1
2	8	387	1
206	869	387	1
2	8	388	1
206	584	388	1
207	353	389	1
2	8	390	1
208	315	390	1
315	208	391	1
97	221	392	1
251	164	393	1
164	251	394	1
646	163	395	1
177	118	396	1
177	20	396	1
1014	10	397	1
1014	866	397	1
285	849	398	1
435	849	398	1
23	22	399	1
1009	1011	399	1
987	985	400	1
3	4	401	1
236	232	401	1
110	240	402	1
231	230	402	1
258	231	403	1
995	584	404	1
210	1143	405	1
1141	635	405	1
1143	210	406	1
635	1141	406	1
512	645	407	1
645	512	408	1
931	165	409	1
327	743	410	1
743	327	411	1
331	332	412	1
759	185	413	1
185	759	414	1
35	815	415	1
2	18	417	1
35	672	417	1
34	434	419	1
434	34	420	1
35	707	421	1
35	44	421	1
35	464	422	1
35	44	422	1
97	676	423	1
254	676	423	1
1062	1063	424	1
1063	1062	425	1
707	818	426	1
603	138	427	1
419	138	428	1
70	84	429	1
15	469	429	1
84	70	430	1
84	70	431	1
2	8	432	1
87	70	432	1
70	87	433	1
84	70	434	1
725	21	435	1
1109	1110	436	1
1110	1109	437	1
292	181	438	1
632	687	439	1
631	670	440	1
2	8	441	1
933	1157	441	1
1157	933	442	1
1158	84	443	1
676	1073	444	1
839	1170	444	1
1073	676	445	1
1170	839	445	1
20	44	446	1
20	21	446	1
3	4	447	1
270	20	447	1
20	270	448	1
3	4	449	1
114	20	449	1
20	114	450	1
30	20	451	1
6	5	452	1
114	20	452	1
20	114	453	1
21	28	454	1
1020	1021	454	1
28	21	455	1
1021	1020	455	1
423	362	456	1
882	883	457	1
883	882	458	1
427	128	459	1
102	209	459	1
128	427	460	1
209	102	460	1
170	95	461	1
170	188	461	1
169	236	462	1
237	169	463	1
237	92	463	1
650	431	464	1
650	431	465	1
747	23	466	1
386	23	467	1
862	863	468	1
863	862	469	1
177	20	470	1
177	82	470	1
49	22	471	1
177	20	471	1
177	82	471	1
383	400	472	1
18	151	473	1
18	112	474	1
18	88	474	1
366	3	475	1
956	955	477	1
535	260	478	1
1019	1018	479	1
566	10	480	1
566	865	480	1
1016	10	481	1
1016	868	481	1
515	10	482	1
515	156	482	1
609	10	483	1
609	579	483	1
931	97	484	1
2	8	485	1
10	68	485	1
33	68	485	1
68	33	486	1
32	101	487	1
101	32	488	1
679	20	489	1
679	33	489	1
20	679	490	1
33	679	490	1
2	8	491	1
930	647	491	1
647	930	492	1
2	8	493	1
1064	1065	493	1
1065	1064	494	1
896	1065	495	1
896	930	496	1
930	896	497	1
528	683	498	1
683	528	499	1
1058	1059	500	1
804	263	501	1
256	341	502	1
263	43	502	1
258	468	503	1
263	43	503	1
468	258	504	1
43	263	504	1
2	8	505	1
1187	1188	505	1
1188	1187	506	1
1188	647	507	1
647	1188	508	1
3	4	509	1
243	137	509	1
420	80	510	1
80	200	511	1
4	3	512	1
5	6	513	1
2	8	514	1
361	426	514	1
2	8	515	1
518	743	515	1
743	518	516	1
1130	229	517	1
1137	1138	517	1
172	881	518	1
2	8	519	1
375	10	519	1
523	804	521	1
583	22	522	1
217	21	523	1
21	10	524	1
21	160	524	1
160	21	525	1
10	21	526	1
828	18	526	1
828	21	526	1
10	21	527	1
28	21	527	1
21	28	528	1
2	8	529	1
592	1000	529	1
890	929	530	1
236	322	531	1
237	169	532	1
169	237	533	1
851	237	534	1
532	540	535	1
540	532	536	1
531	597	537	1
597	531	538	1
708	711	539	1
711	708	540	1
662	532	541	1
532	662	542	1
493	1172	543	1
2	8	544	1
634	658	544	1
1071	181	545	1
1071	225	545	1
3	4	546	1
319	743	546	1
743	319	547	1
434	14	548	1
434	320	548	1
145	44	549	1
145	999	549	1
667	691	550	1
2	8	551	1
148	99	551	1
99	148	552	1
35	29	553	1
38	619	553	1
98	619	553	1
619	38	554	1
619	98	554	1
6	5	555	1
98	111	555	1
185	98	556	1
2	8	557	1
197	98	557	1
322	98	558	1
148	99	559	1
54	20	559	1
245	383	560	1
245	383	560	1
854	132	561	1
39	991	562	1
884	991	562	1
991	884	563	1
196	11	565	1
194	74	567	1
397	74	567	1
118	622	568	1
640	622	568	1
622	118	569	1
622	640	569	1
1084	1085	570	1
846	707	571	1
228	216	572	1
169	216	573	1
88	145	574	1
145	88	575	1
313	88	576	1
88	313	577	1
2	8	578	1
92	88	578	1
2	8	579	1
409	52	579	1
2	8	580	1
204	161	580	1
78	271	581	1
271	78	582	1
110	77	583	1
31	50	583	1
50	31	584	1
164	77	585	1
164	44	585	1
78	188	586	1
852	851	587	1
517	850	588	1
435	850	588	1
39	969	589	1
968	969	589	1
969	968	590	1
23	22	591	1
94	163	591	1
22	23	592	1
163	94	592	1
2	8	593	1
392	252	593	1
252	392	594	1
3	4	595	1
529	790	595	1
790	529	596	1
39	972	597	1
967	972	597	1
972	967	598	1
39	971	599	1
967	971	599	1
971	967	600	1
39	970	601	1
968	970	601	1
970	968	602	1
50	57	603	1
602	89	603	1
602	57	603	1
339	322	604	1
324	435	605	1
435	324	606	1
603	31	607	1
393	769	608	1
7	24	608	1
391	28	609	1
391	805	609	1
28	391	610	1
805	391	610	1
2	8	611	1
101	396	611	1
101	396	611	1
21	10	612	1
102	546	612	1
131	102	613	1
131	65	613	1
3	4	614	1
367	103	614	1
103	367	615	1
766	765	616	1
416	84	617	1
416	243	617	1
84	416	618	1
243	416	618	1
425	84	619	1
425	243	619	1
84	425	620	1
243	425	620	1
626	20	621	1
626	243	621	1
20	626	622	1
243	626	622	1
244	542	623	1
542	244	624	1
3	4	625	1
69	453	625	1
453	69	626	1
668	625	627	1
2	8	628	1
74	328	628	1
22	328	628	1
704	1161	629	1
1161	704	630	1
3	4	631	1
125	1011	631	1
2	8	632	1
312	995	632	1
396	101	633	1
396	101	633	1
218	295	634	1
295	218	635	1
118	952	636	1
450	952	636	1
21	10	638	1
50	391	638	1
391	50	639	1
397	50	640	1
845	211	641	1
380	280	642	1
486	941	643	1
7	24	643	1
55	14	644	1
200	80	644	1
80	200	645	1
80	81	646	1
81	80	647	1
2	8	648	1
200	80	648	1
60	79	649	1
263	43	649	1
43	263	650	1
35	29	651	1
200	80	651	1
80	200	652	1
685	14	653	1
701	713	653	1
390	109	654	1
390	51	654	1
109	390	655	1
51	390	655	1
23	22	656	1
134	109	656	1
22	23	657	1
109	134	657	1
20	32	658	1
134	109	658	1
32	20	659	1
109	134	659	1
109	532	660	1
21	532	660	1
637	43	661	1
712	837	661	1
858	690	662	1
887	888	663	1
888	887	664	1
376	1051	665	1
1051	376	666	1
30	119	667	1
299	30	668	1
299	21	668	1
30	299	669	1
21	299	669	1
23	22	670	1
38	30	670	1
22	23	671	1
30	38	671	1
38	30	672	1
7	24	672	1
38	13	672	1
482	543	673	1
482	157	673	1
210	1189	674	1
1189	210	675	1
28	21	676	1
104	173	676	1
21	28	677	1
173	104	677	1
3	4	678	1
10	104	678	1
474	104	678	1
104	474	679	1
731	21	680	1
637	43	681	1
837	838	681	1
834	330	682	1
835	643	683	1
643	835	684	1
920	931	685	1
4	3	686	1
504	586	686	1
475	481	687	1
196	11	687	1
2	8	688	1
320	648	688	1
648	320	689	1
493	46	690	1
911	51	690	1
205	241	691	1
241	205	692	1
3	4	693	1
662	163	693	1
163	662	694	1
801	550	695	1
10	574	696	1
550	574	696	1
551	552	697	1
552	551	698	1
552	708	699	1
708	552	700	1
1161	1160	701	1
2	8	702	1
22	819	702	1
164	819	702	1
75	369	703	1
282	369	703	1
390	282	704	1
54	20	705	1
316	54	706	1
54	316	707	1
761	74	708	1
23	22	709	1
75	158	709	1
22	23	710	1
158	75	710	1
707	704	711	1
322	111	712	1
49	22	713	1
322	111	713	1
405	349	714	1
3	4	715	1
842	890	715	1
890	842	716	1
405	349	717	1
919	916	718	1
1051	20	719	1
1051	801	719	1
8	18	720	1
703	4	720	1
8	18	721	1
709	5	721	1
37	429	722	1
410	26	723	1
2	8	724	1
111	29	724	1
29	111	725	1
2	8	726	1
29	35	726	1
449	29	728	1
35	29	729	1
378	30	730	1
38	75	731	1
115	38	732	1
115	13	732	1
569	38	733	1
38	808	734	1
7	24	734	1
38	115	735	1
13	115	735	1
3	4	737	1
193	593	737	1
89	743	738	1
749	193	738	1
743	89	739	1
193	749	739	1
193	688	740	1
253	84	741	1
253	193	741	1
84	253	742	1
193	253	742	1
2	8	743	1
22	903	743	1
77	903	743	1
20	379	744	1
823	825	745	1
23	22	746	1
825	824	746	1
22	23	747	1
824	825	747	1
1177	285	748	1
285	1177	749	1
685	80	750	1
685	701	750	1
231	283	751	1
704	187	752	1
704	1166	752	1
704	44	752	1
749	897	753	1
897	749	754	1
34	80	755	1
563	1128	755	1
80	34	756	1
1128	563	756	1
110	249	757	1
2	8	758	1
182	222	758	1
222	182	759	1
6	5	760	1
269	541	760	1
541	269	761	1
2	8	762	1
269	575	762	1
57	259	763	1
57	20	763	1
259	57	764	1
20	57	764	1
56	102	765	1
3	4	766	1
769	75	766	1
945	308	767	1
945	93	767	1
944	945	768	1
3	4	769	1
943	944	769	1
3	4	770	1
928	631	770	1
4	3	771	1
942	944	771	1
4	3	772	1
921	631	772	1
4	3	773	1
242	943	773	1
4	3	774	1
767	928	774	1
4	3	775	1
885	893	775	1
893	885	776	1
620	20	777	1
620	187	777	1
20	620	778	1
187	620	778	1
2	8	779	1
188	327	779	1
327	188	780	1
329	86	781	1
329	70	781	1
435	743	782	1
743	435	783	1
556	76	784	1
588	76	785	1
10	76	786	1
827	18	786	1
827	76	786	1
10	76	787	1
122	76	787	1
76	122	788	1
623	113	789	1
114	30	790	1
15	469	790	1
30	114	791	1
3	4	792	1
243	292	792	1
292	243	793	1
719	307	794	1
1121	409	795	1
696	409	795	1
973	974	796	1
506	310	797	1
785	786	798	1
2	8	799	1
154	337	799	1
444	337	799	1
2	8	800	1
334	705	800	1
337	705	800	1
2	8	801	1
28	160	801	1
160	28	802	1
28	828	803	1
160	28	804	1
509	27	805	1
27	509	806	1
1046	511	807	1
511	1046	808	1
1047	511	809	1
511	1047	810	1
946	710	811	1
140	710	811	1
2	8	812	1
1049	1050	812	1
1050	1049	813	1
2	8	814	1
168	341	814	1
341	168	815	1
590	653	816	1
653	590	817	1
661	589	818	1
589	661	819	1
588	661	820	1
2	8	821	1
681	592	821	1
592	681	822	1
143	803	823	1
50	803	823	1
646	662	824	1
679	645	825	1
645	679	826	1
34	14	827	1
812	813	827	1
755	157	828	1
755	750	828	1
636	745	829	1
745	636	830	1
746	743	831	1
35	195	832	1
10	1143	833	1
210	1143	833	1
1143	210	834	1
55	258	835	1
2	99	836	1
48	256	837	1
1025	21	838	1
1025	1026	838	1
164	77	839	1
687	692	839	1
692	687	840	1
1029	1028	841	1
695	1000	842	1
23	202	843	1
74	389	843	1
2	8	844	1
1154	705	844	1
403	705	844	1
3	4	845	1
435	453	845	1
453	435	846	1
1099	1082	847	1
1082	1099	848	1
17	19	849	1
1098	802	849	1
6	5	850	1
960	401	850	1
2	8	851	1
277	418	851	1
418	277	852	1
23	22	853	1
275	763	853	1
22	23	854	1
763	275	854	1
276	368	855	1
368	276	856	1
23	22	857	1
74	389	857	1
23	22	858	1
58	124	858	1
22	23	859	1
124	58	859	1
359	58	860	1
953	28	861	1
953	285	861	1
84	135	862	1
54	20	863	1
135	84	863	1
89	84	864	1
84	89	865	1
84	292	866	1
612	441	867	1
441	809	868	1
117	10	869	1
117	175	869	1
415	857	870	1
6	5	871	1
714	217	871	1
217	714	872	1
905	904	873	1
3	4	874	1
222	145	874	1
145	222	875	1
388	199	876	1
3	4	877	1
269	541	877	1
541	269	878	1
806	807	879	1
26	807	879	1
17	19	880	1
798	799	880	1
1127	625	881	1
1127	625	882	1
875	111	883	1
697	1169	883	1
111	875	884	1
1169	697	884	1
1169	142	885	1
142	1169	886	1
599	830	887	1
830	599	888	1
463	602	889	1
2	8	890	1
176	16	890	1
16	176	891	1
39	982	892	1
980	982	892	1
982	980	893	1
39	983	894	1
981	983	894	1
983	981	895	1
197	185	896	1
185	197	897	1
1024	1023	898	1
1023	1024	899	1
23	22	900	1
61	437	900	1
22	23	901	1
437	61	901	1
1087	1086	902	1
716	615	903	1
716	157	903	1
2	8	904	1
675	696	904	1
696	675	905	1
784	39	906	1
784	209	906	1
841	593	907	1
2	8	908	1
159	41	908	1
41	159	910	1
40	613	911	1
613	40	912	1
49	22	913	1
90	571	913	1
49	571	913	1
82	652	914	1
746	84	915	1
746	89	915	1
84	746	916	1
89	746	916	1
91	814	917	1
52	951	918	1
161	89	918	1
89	161	919	1
52	951	920	1
749	88	920	1
88	749	921	1
2	8	922	1
749	253	922	1
253	749	923	1
253	749	924	1
2	8	925	1
32	444	925	1
403	444	925	1
680	403	926	1
680	403	927	1
404	580	928	1
17	19	929	1
404	529	929	1
3	4	930	1
162	33	930	1
6	5	931	1
162	33	931	1
52	715	932	1
20	715	932	1
138	83	933	1
840	83	934	1
112	18	935	1
301	18	936	1
729	21	937	1
728	738	938	1
738	728	939	1
729	728	940	1
726	737	941	1
737	726	942	1
727	726	943	1
725	724	944	1
722	735	945	1
735	722	946	1
730	733	947	1
733	730	948	1
731	730	949	1
19	112	950	1
19	604	950	1
861	20	951	1
6	5	952	1
1112	1111	952	1
2	8	953	1
14	55	953	1
2	8	956	1
80	14	956	1
14	80	957	1
2	8	958	1
183	316	958	1
316	183	959	1
3	4	960	1
290	395	960	1
395	290	961	1
2	8	962	1
196	1159	962	1
1152	20	964	1
1153	83	965	1
401	39	966	1
401	44	966	1
1097	183	968	1
183	1097	969	1
3	4	970	1
179	437	970	1
201	18	971	1
201	88	971	1
81	433	972	1
88	433	972	1
178	441	973	1
2	8	974	1
288	321	974	1
321	288	975	1
2	8	976	1
446	460	976	1
460	446	977	1
17	53	978	1
580	408	978	1
264	617	979	1
7	24	979	1
372	333	980	1
476	31	981	1
476	74	981	1
31	476	982	1
74	476	982	1
666	20	983	1
666	89	983	1
20	666	984	1
89	666	984	1
743	414	985	1
280	147	986	1
222	666	987	1
453	222	988	1
817	1099	989	1
1099	817	990	1
49	22	991	1
711	687	991	1
711	686	991	1
391	28	992	1
28	391	993	1
3	4	994	1
10	68	994	1
23	68	994	1
677	312	995	1
677	312	996	1
364	297	997	1
364	26	997	1
295	356	998	1
296	759	999	1
296	112	1000	1
112	296	1001	1
192	64	1002	1
64	192	1003	1
60	79	1004	1
64	224	1004	1
69	64	1005	1
64	69	1006	1
310	37	1007	1
310	65	1007	1
37	310	1008	1
65	310	1008	1
39	993	1009	1
992	993	1009	1
993	992	1010	1
39	994	1011	1
909	994	1011	1
994	909	1012	1
21	10	1013	1
149	508	1013	1
508	149	1014	1
23	539	1015	1
34	80	1016	1
1073	461	1016	1
80	34	1017	1
461	1073	1017	1
17	53	1018	1
17	427	1019	1
2	8	1020	1
180	46	1020	1
46	180	1022	1
711	687	1023	1
711	686	1023	1
2	8	1024	1
369	601	1024	1
601	369	1025	1
2	8	1026	1
368	425	1026	1
425	368	1027	1
497	367	1028	1
417	367	1029	1
176	208	1030	1
676	1073	1031	1
689	80	1032	1
1073	702	1032	1
689	702	1032	1
80	689	1033	1
702	1073	1033	1
702	689	1033	1
225	223	1034	1
225	28	1034	1
195	227	1035	1
200	80	1035	1
23	22	1036	1
311	762	1036	1
22	23	1037	1
762	311	1037	1
741	309	1038	1
7	24	1038	1
5	6	1039	1
975	214	1039	1
214	975	1040	1
3	4	1041	1
25	125	1041	1
25	78	1042	1
25	80	1042	1
596	39	1043	1
596	292	1043	1
292	596	1044	1
3	4	1045	1
309	886	1045	1
10	306	1046	1
886	306	1046	1
306	886	1047	1
63	261	1048	1
2	8	1049	1
64	224	1049	1
20	608	1050	1
63	608	1050	1
608	20	1051	1
608	63	1051	1
138	31	1052	1
138	63	1052	1
31	138	1053	1
63	138	1053	1
3	4	1054	1
319	64	1054	1
64	319	1055	1
3	4	1056	1
434	856	1056	1
1013	1073	1057	1
1190	1191	1057	1
1073	1013	1058	1
1191	1190	1058	1
126	183	1059	1
38	248	1060	1
127	248	1060	1
126	429	1061	1
429	126	1062	1
56	215	1063	1
1036	21	1065	1
580	408	1066	1
654	409	1067	1
696	409	1067	1
1035	877	1068	1
707	611	1069	1
611	707	1070	1
358	154	1071	1
153	203	1072	1
203	153	1073	1
152	130	1074	1
130	152	1075	1
493	46	1076	1
130	1118	1076	1
1118	130	1077	1
878	876	1078	1
1066	947	1079	1
947	896	1080	1
896	947	1081	1
35	387	1082	1
1129	1131	1084	1
2	112	1084	1
1131	1132	1085	1
3	4	1086	1
5	6	1086	1
23	22	1088	1
49	22	1088	1
1173	787	1089	1
787	1173	1090	1
257	230	1091	1
48	55	1092	1
1082	1176	1093	1
1176	1082	1094	1
1082	1100	1095	1
1100	1082	1096	1
23	22	1097	1
246	581	1097	1
22	23	1098	1
581	246	1098	1
17	19	1099	1
996	529	1099	1
210	1189	1100	1
1189	210	1101	1
373	446	1102	1
426	375	1103	1
375	18	1104	1
375	426	1104	1
376	642	1105	1
376	20	1105	1
245	614	1106	1
614	245	1107	1
184	277	1108	1
277	184	1109	1
236	185	1110	1
922	898	1111	1
2	8	1113	1
413	746	1113	1
746	413	1114	1
50	31	1115	1
447	660	1115	1
50	660	1115	1
31	50	1116	1
660	50	1116	1
749	1103	1117	1
1103	749	1118	1
605	105	1119	1
627	105	1120	1
436	105	1121	1
564	32	1122	1
564	545	1122	1
723	21	1123	1
21	10	1124	1
1078	1076	1124	1
1076	1078	1125	1
400	404	1126	1
23	22	1127	1
1151	1140	1127	1
22	23	1128	1
1140	1151	1128	1
899	364	1129	1
899	26	1129	1
363	507	1130	1
507	363	1131	1
39	966	1132	1
963	966	1132	1
78	25	1133	1
25	78	1134	1
39	965	1135	1
963	965	1135	1
756	754	1136	1
756	95	1136	1
754	756	1137	1
95	756	1137	1
39	978	1138	1
976	978	1138	1
27	1002	1139	1
1002	27	1140	1
179	124	1141	1
578	144	1142	1
166	144	1143	1
166	144	1144	1
707	1119	1145	1
707	63	1145	1
1119	707	1146	1
63	707	1146	1
5	6	1147	1
1091	782	1147	1
782	1091	1148	1
21	28	1149	1
150	207	1149	1
3	4	1150	1
960	401	1150	1
10	76	1151	1
83	44	1151	1
83	76	1151	1
44	83	1152	1
76	83	1152	1
693	836	1153	1
693	28	1153	1
42	18	1154	1
427	128	1155	1
209	347	1155	1
128	427	1156	1
347	209	1156	1
346	790	1157	1
790	346	1158	1
22	23	1159	1
438	53	1159	1
23	22	1160	1
53	438	1160	1
621	659	1161	1
251	77	1161	1
659	621	1162	1
567	1178	1163	1
1178	567	1164	1
1180	1179	1165	1
1179	1180	1166	1
901	1068	1167	1
1068	901	1168	1
49	22	1169	1
1060	1061	1169	1
22	49	1170	1
1061	1060	1170	1
895	1061	1171	1
1061	895	1172	1
3	4	1173	1
683	1060	1173	1
1060	683	1174	1
684	1077	1175	1
1077	684	1176	1
52	715	1177	1
379	20	1177	1
20	379	1178	1
5	6	1179	1
379	629	1179	1
23	22	1180	1
247	454	1180	1
22	23	1181	1
454	247	1181	1
429	183	1182	1
429	183	1183	1
405	182	1184	1
674	26	1185	1
674	69	1185	1
68	10	1186	1
47	585	1186	1
585	47	1187	1
2	8	1188	1
283	231	1188	1
231	283	1189	1
2	8	1190	1
231	468	1190	1
468	231	1191	1
2	8	1192	1
230	229	1192	1
229	230	1193	1
257	229	1194	1
200	80	1194	1
257	229	1195	1
263	43	1195	1
229	257	1196	1
43	263	1196	1
195	227	1197	1
263	43	1197	1
227	195	1198	1
43	263	1198	1
2	8	1199	1
228	227	1199	1
227	228	1200	1
2	8	1201	1
229	257	1201	1
257	229	1202	1
829	568	1203	1
568	829	1204	1
1136	20	1205	1
1136	37	1205	1
20	1136	1206	1
37	1136	1206	1
1135	709	1207	1
709	1135	1208	1
1134	703	1209	1
703	1134	1210	1
127	481	1211	1
470	11	1212	1
23	22	1214	1
3	4	1215	1
432	22	1215	1
1038	1039	1216	1
2	8	1217	1
907	908	1217	1
908	907	1218	1
827	122	1219	1
556	122	1220	1
28	21	1221	1
217	123	1221	1
21	28	1222	1
123	217	1222	1
275	172	1223	1
83	833	1224	1
658	426	1225	1
422	33	1226	1
74	516	1226	1
422	516	1226	1
421	145	1227	1
145	421	1228	1
2	8	1229	1
1122	1008	1229	1
493	46	1230	1
81	1117	1230	1
1117	81	1231	1
263	235	1232	1
263	92	1232	1
409	234	1233	1
1143	1141	1234	1
1141	1143	1235	1
880	879	1236	1
259	57	1237	1
50	57	1237	1
575	458	1238	1
1182	567	1239	1
567	1182	1240	1
1183	1180	1241	1
1180	1183	1242	1
1049	1181	1243	1
1181	1049	1244	1
912	915	1245	1
140	915	1245	1
121	37	1246	1
7	24	1246	1
424	20	1247	1
424	37	1247	1
20	424	1248	1
37	424	1248	1
37	114	1249	1
21	114	1249	1
205	37	1250	1
205	33	1250	1
37	205	1251	1
33	205	1251	1
936	937	1252	1
937	936	1253	1
935	937	1254	1
937	935	1255	1
2	8	1256	1
600	251	1256	1
600	251	1257	1
802	360	1258	1
910	305	1258	1
574	10	1259	1
574	610	1259	1
513	840	1260	1
840	513	1261	1
538	513	1262	1
513	538	1263	1
665	511	1264	1
511	665	1265	1
187	473	1266	1
869	84	1267	1
869	187	1267	1
84	869	1268	1
187	869	1268	1
135	87	1270	1
22	154	1271	1
154	22	1272	1
22	219	1273	1
6	5	1274	1
205	23	1274	1
205	11	1274	1
23	205	1275	1
926	183	1276	1
926	120	1276	1
1072	1153	1277	1
3	4	1278	1
187	121	1278	1
394	121	1279	1
1037	21	1280	1
1037	1017	1280	1
294	1001	1281	1
23	22	1282	1
417	456	1282	1
22	23	1283	1
456	417	1283	1
2	8	1284	1
488	416	1284	1
418	584	1285	1
584	418	1286	1
274	240	1287	1
958	959	1288	1
959	958	1289	1
514	959	1290	1
672	449	1291	1
333	20	1292	1
333	429	1292	1
20	333	1293	1
429	333	1293	1
357	333	1294	1
491	332	1295	1
47	131	1296	1
6	5	1297	1
760	495	1297	1
603	760	1298	1
334	36	1299	1
2	8	1300	1
341	256	1300	1
256	341	1301	1
256	258	1302	1
2	8	1303	1
573	255	1303	1
255	573	1304	1
573	255	1305	1
255	441	1306	1
441	255	1307	1
78	363	1308	1
363	78	1309	1
133	204	1310	1
204	133	1311	1
451	139	1312	1
451	70	1312	1
1116	1115	1313	1
1113	1114	1314	1
724	576	1315	1
576	724	1316	1
23	22	1317	1
397	578	1317	1
22	23	1318	1
578	397	1318	1
839	1108	1319	1
1013	1073	1319	1
1108	839	1320	1
1073	1013	1320	1
168	374	1321	1
350	536	1322	1
536	350	1323	1
2	8	1324	1
1185	1186	1324	1
1186	1185	1325	1
1145	1144	1326	1
562	1081	1327	1
1081	562	1328	1
54	20	1329	1
3	4	1330	1
10	21	1330	1
20	21	1330	1
914	300	1331	1
914	20	1331	1
486	941	1332	1
941	486	1333	1
941	246	1334	1
2	8	1335	1
39	784	1335	1
209	784	1335	1
23	22	1336	1
219	162	1336	1
22	23	1337	1
162	219	1337	1
89	161	1338	1
749	88	1338	1
161	89	1339	1
88	749	1339	1
88	749	1340	1
938	939	1340	1
749	88	1341	1
939	938	1341	1
17	19	1342	1
404	996	1342	1
17	19	1343	1
577	501	1343	1
501	577	1344	1
859	860	1345	1
859	28	1345	1
422	33	1346	1
422	83	1346	1
17	19	1347	1
793	1074	1347	1
1074	793	1348	1
2	8	1349	1
1094	1095	1349	1
957	557	1350	1
835	649	1351	1
23	22	1352	1
656	934	1352	1
898	862	1353	1
862	898	1354	1
6	5	1356	1
587	335	1356	1
335	587	1357	1
336	410	1358	1
1040	1079	1359	1
54	20	1360	1
896	1064	1361	1
602	89	1362	1
602	259	1362	1
89	602	1363	1
259	602	1363	1
487	1184	1364	1
1184	487	1365	1
399	488	1366	1
488	399	1367	1
753	87	1368	1
753	95	1368	1
268	67	1369	1
268	95	1369	1
67	268	1370	1
95	268	1370	1
170	26	1371	1
170	95	1371	1
754	26	1372	1
754	95	1372	1
548	906	1373	1
7	24	1373	1
375	1096	1375	1
2	112	1375	1
1096	375	1376	1
997	215	1377	1
997	28	1377	1
3	4	1378	1
10	21	1378	1
63	21	1378	1
21	63	1379	1
20	835	1380	1
50	20	1381	1
343	20	1382	1
357	624	1383	1
5	6	1384	1
306	1116	1384	1
1112	1115	1385	1
603	495	1386	1
2	8	1387	1
897	922	1387	1
922	897	1388	1
3	4	1389	1
10	284	1389	1
213	284	1389	1
212	71	1390	1
374	283	1392	1
360	802	1393	1
408	509	1393	1
802	360	1394	1
509	408	1394	1
554	1003	1395	1
721	21	1396	1
637	43	1397	1
838	1101	1397	1
271	8	1398	1
69	336	1398	1
8	271	1399	1
336	69	1399	1
637	43	1400	1
1101	1102	1400	1
4	3	1401	1
1022	902	1401	1
322	490	1402	1
821	22	1403	1
821	33	1403	1
673	34	1404	1
34	673	1405	1
34	14	1406	1
34	320	1406	1
34	146	1407	1
146	34	1408	1
150	207	1409	1
353	44	1409	1
207	150	1410	1
44	353	1410	1
97	165	1411	1
165	97	1412	1
98	197	1413	1
692	98	1414	1
2	8	1415	1
72	743	1415	1
743	72	1416	1
4	3	1417	1
360	802	1417	1
3	18	1418	1
3	255	1418	1
4	3	1419	1
189	191	1419	1
82	1092	1421	1
644	1092	1421	1
6	5	1422	1
1070	1008	1422	1
2	8	1423	1
525	1162	1423	1
22	1162	1423	1
23	22	1424	1
525	83	1424	1
22	23	1425	1
83	525	1425	1
38	594	1426	1
215	594	1426	1
594	38	1427	1
594	215	1427	1
100	51	1428	1
78	327	1429	1
327	78	1430	1
891	892	1431	1
892	891	1432	1
844	22	1433	1
844	771	1433	1
783	533	1434	1
783	22	1434	1
250	1127	1435	1
20	1127	1435	1
21	10	1436	1
656	1130	1436	1
633	657	1437	1
657	633	1438	1
345	20	1439	1
23	22	1440	1
663	668	1440	1
22	23	1441	1
668	663	1441	1
856	14	1442	1
461	1137	1442	1
663	325	1443	1
663	33	1443	1
325	663	1444	1
33	663	1444	1
325	334	1445	1
334	325	1446	1
6	5	1447	1
435	453	1447	1
453	435	1448	1
25	14	1449	1
327	336	1449	1
25	336	1449	1
2	8	1450	1
713	712	1450	1
712	713	1451	1
700	687	1452	1
700	93	1452	1
687	700	1453	1
93	700	1453	1
457	667	1454	1
464	457	1455	1
3	4	1456	1
381	130	1456	1
130	381	1457	1
763	925	1458	1
317	768	1459	1
317	768	1459	1
7	24	1459	1
768	317	1460	1
768	317	1460	1
39	964	1461	1
962	964	1461	1
64	414	1462	1
217	428	1463	1
217	428	1464	1
50	510	1465	1
510	50	1466	1
3	4	1467	1
292	20	1467	1
52	748	1468	1
23	748	1468	1
6	5	1469	1
60	79	1471	1
200	80	1471	1
235	81	1472	1
3	4	1473	1
244	81	1473	1
81	244	1474	1
23	22	1475	1
238	330	1475	1
22	23	1476	1
330	238	1476	1
196	11	1477	1
554	405	1478	1
594	93	1479	1
594	47	1479	1
93	594	1480	1
47	594	1480	1
619	18	1481	1
619	93	1481	1
18	619	1482	1
93	619	1482	1
114	93	1483	1
93	114	1484	1
52	715	1485	1
835	20	1485	1
835	715	1485	1
20	835	1486	1
715	835	1486	1
2	18	1487	1
20	54	1487	1
54	20	1488	1
691	655	1489	1
10	279	1490	1
889	21	1490	1
889	279	1490	1
21	889	1491	1
279	889	1491	1
487	108	1492	1
149	26	1493	1
256	341	1494	1
200	80	1494	1
114	30	1495	1
7	24	1495	1
1015	10	1496	1
1015	867	1496	1
239	10	1497	1
239	479	1497	1
502	10	1498	1
502	864	1498	1
278	10	1499	1
278	342	1499	1
503	10	1500	1
503	483	1500	1
39	927	1501	1
894	927	1501	1
927	894	1502	1
4	3	1503	1
894	1052	1503	1
1052	894	1504	1
23	22	1505	1
595	822	1505	1
22	23	1506	1
822	595	1506	1
39	476	1507	1
39	494	1507	1
3	4	1508	1
497	103	1508	1
842	843	1509	1
23	22	1510	1
842	841	1510	1
22	23	1511	1
841	842	1511	1
39	990	1512	1
984	990	1512	1
990	984	1513	1
548	848	1514	1
7	24	1514	1
21	10	1515	1
547	544	1515	1
39	988	1516	1
990	988	1516	1
988	990	1517	1
97	641	1518	1
2	8	1519	1
13	127	1519	1
22	49	1521	1
681	659	1521	1
220	248	1522	1
248	220	1523	1
900	1090	1524	1
900	157	1524	1
316	144	1525	1
144	316	1526	1
363	934	1527	1
934	335	1528	1
1032	1031	1529	1
1031	1032	1530	1
1029	21	1531	1
1029	1030	1531	1
311	281	1532	1
30	38	1533	1
359	179	1533	1
38	30	1534	1
179	359	1534	1
1118	1124	1535	1
1124	1118	1536	1
6	5	1538	1
398	180	1538	1
180	398	1539	1
2	8	1540	1
396	706	1540	1
705	706	1540	1
2	8	1541	1
108	225	1541	1
225	108	1542	1
629	109	1543	1
778	773	1544	1
2	8	1546	1
773	777	1546	1
777	773	1547	1
6	5	1548	1
214	448	1548	1
448	214	1549	1
24	7	1550	1
54	30	1551	1
30	114	1552	1
2	8	1553	1
30	54	1553	1
54	30	1554	1
526	30	1555	1
89	161	1556	1
743	193	1556	1
161	89	1557	1
193	743	1557	1
598	378	1558	1
833	961	1559	1
961	833	1560	1
961	834	1561	1
832	831	1562	1
95	392	1563	1
392	95	1564	1
243	559	1565	1
243	307	1566	1
1126	1125	1567	1
1126	481	1567	1
445	68	1568	1
68	445	1569	1
662	540	1570	1
540	662	1571	1
3	4	1572	1
1164	130	1572	1
130	1164	1573	1
498	626	1574	1
2	18	1575	1
478	717	1575	1
727	21	1577	1
78	69	1578	1
69	78	1579	1
3	4	1580	1
581	265	1580	1
2	8	1581	1
10	286	1581	1
266	286	1581	1
286	266	1582	1
267	20	1583	1
267	500	1583	1
20	267	1584	1
500	267	1584	1
34	680	1585	1
55	80	1586	1
247	56	1587	1
247	28	1587	1
924	926	1588	1
2	8	1590	1
505	433	1590	1
433	505	1591	1
39	913	1592	1
1093	913	1592	1
913	1093	1593	1
583	432	1595	1
30	512	1596	1
76	512	1596	1
169	111	1597	1
2	8	1598	1
237	111	1598	1
111	237	1599	1
110	77	1600	1
109	390	1600	1
390	109	1601	1
110	249	1602	1
3	4	1603	1
77	110	1603	1
31	13	1603	1
6	5	1605	1
110	251	1605	1
251	110	1606	1
780	779	1607	1
780	20	1607	1
779	780	1608	1
20	780	1608	1
407	28	1609	1
774	780	1609	1
28	407	1610	1
780	774	1610	1
774	780	1611	1
780	774	1612	1
422	33	1613	1
774	780	1613	1
33	422	1614	1
780	774	1614	1
655	180	1615	1
655	691	1615	1
3	4	1616	1
338	682	1616	1
682	338	1617	1
188	72	1618	1
72	188	1619	1
164	77	1620	1
621	659	1620	1
659	621	1621	1
38	93	1622	1
38	13	1622	1
93	38	1623	1
2	8	1624	1
31	39	1624	1
328	39	1624	1
39	476	1625	1
39	22	1625	1
638	454	1626	1
190	320	1627	1
190	20	1627	1
320	190	1628	1
20	190	1628	1
192	318	1629	1
318	192	1630	1
192	743	1631	1
743	192	1632	1
815	816	1633	1
815	44	1633	1
3	4	1634	1
822	821	1634	1
816	846	1635	1
846	816	1636	1
274	240	1637	1
2	8	1638	1
22	240	1638	1
382	240	1638	1
111	875	1639	1
142	789	1639	1
875	111	1640	1
789	142	1640	1
874	875	1641	1
875	874	1642	1
2	8	1643	1
873	874	1643	1
874	873	1644	1
871	872	1645	1
872	871	1646	1
2	8	1647	1
157	435	1647	1
435	157	1648	1
188	157	1649	1
157	188	1650	1
23	22	1651	1
102	1001	1651	1
2	8	1652	1
396	689	1652	1
810	689	1652	1
25	78	1653	1
252	40	1653	1
78	25	1654	1
40	252	1654	1
1157	1158	1655	1
1158	1157	1656	1
1155	1156	1657	1
1156	1155	1658	1
1055	1054	1659	1
35	29	1660	1
873	874	1660	1
874	873	1661	1
1164	1165	1662	1
1165	1164	1663	1
273	620	1664	1
521	272	1665	1
272	506	1666	1
388	541	1667	1
541	388	1668	1
385	558	1669	1
688	388	1670	1
384	1080	1671	1
1080	384	1672	1
623	113	1673	1
151	112	1674	1
151	92	1674	1
112	185	1675	1
26	72	1676	1
72	26	1677	1
136	26	1678	1
78	26	1679	1
210	1143	1680	1
1142	439	1680	1
1143	210	1681	1
439	1142	1681	1
522	471	1682	1
467	853	1683	1
2	8	1684	1
466	467	1684	1
467	466	1685	1
524	472	1686	1
263	200	1687	1
388	199	1688	1
420	198	1689	1
198	420	1690	1
200	81	1691	1
81	200	1692	1
472	200	1693	1
351	20	1694	1
1033	1032	1695	1
1033	21	1696	1
1033	1034	1696	1
2	18	1697	1
462	699	1697	1
699	462	1698	1
704	187	1699	1
704	462	1699	1
187	704	1700	1
462	704	1700	1
652	463	1701	1
463	652	1702	1
10	568	1703	1
1045	21	1703	1
1045	568	1703	1
1045	1043	1704	1
1042	1043	1705	1
1043	1042	1706	1
10	1044	1707	1
1041	21	1707	1
1041	1044	1707	1
365	142	1708	1
142	365	1709	1
427	128	1710	1
486	1053	1710	1
128	427	1711	1
1053	486	1711	1
2	8	1712	1
743	746	1712	1
742	776	1713	1
776	742	1714	1
1119	1122	1715	1
55	14	1716	1
64	224	1716	1
224	64	1717	1
89	64	1718	1
749	193	1718	1
64	89	1719	1
193	749	1719	1
932	940	1720	1
6	5	1721	1
69	453	1721	1
453	69	1722	1
34	14	1723	1
702	811	1723	1
3	4	1724	1
44	11	1724	1
55	14	1726	1
263	43	1726	1
43	263	1727	1
35	29	1728	1
263	43	1728	1
43	263	1729	1
48	43	1730	1
2	8	1731	1
43	85	1731	1
85	43	1732	1
2	8	1733	1
263	43	1733	1
43	263	1734	1
43	235	1735	1
43	88	1735	1
43	263	1736	1
