2	3
9	10
11	12
13	14
15	16
19	20
21	22
23	24
26	27
28	29
30	31
37	38
43	44
46	47
49	50
53	54
58	59
60	61
62	63
65	66
67	68
69	70
73	74
75	76
77	78
79	80
81	82
83	84
86	87
94	95
102	103
104	105
106	107
109	110
112	113
117	118
121	122
124	125
126	127
129	130
133	134
135	136
138	139
142	143
149	150
151	152
156	157
160	161
166	167
172	173
180	181
183	184
185	186
187	188
194	195
196	197
198	199
202	203
204	205
206	207
208	209
215	216
219	220
222	223
224	225
227	228
230	231
232	233
239	240
242	243
245	246
247	248
250	251
253	254
256	257
258	259
260	261
263	264
265	266
267	268
269	270
275	276
278	279
281	282
285	286
287	288
297	298
300	301
302	303
304	305
307	308
309	310
312	313
318	319
320	321
322	323
324	325
329	330
332	333
334	335
336	337
