446	780	1	1
446	44	1	1
446	107	1	1
446	1	1	1
106	780	1	1
106	44	1	1
106	107	1	1
106	1	1	1
59	780	1	1
59	44	1	1
59	107	1	1
59	1	1	1
7	780	1	1
7	44	1	1
7	107	1	1
7	1	1	1
83	726	2	1
547	404	3	1
547	10	3	1
1	404	3	1
1	10	3	1
406	544	4	1
204	12	5	1
204	243	5	1
97	12	5	1
97	243	5	1
700	701	6	1
700	19	6	1
17	701	6	1
17	19	6	1
701	700	7	1
19	700	7	1
696	697	8	1
696	19	8	1
17	697	8	1
17	19	8	1
510	731	9	1
510	22	9	1
23	731	9	1
23	22	9	1
731	510	10	1
22	510	10	1
731	23	10	1
22	23	10	1
2	8	11	1
2	486	11	1
441	8	11	1
441	486	11	1
8	441	12	1
486	441	12	1
442	260	13	1
442	95	13	1
1	260	13	1
1	95	13	1
442	643	14	1
442	72	14	1
1	643	14	1
1	72	14	1
2	8	15	1
2	180	15	1
213	8	15	1
213	180	15	1
8	213	16	1
180	213	16	1
213	180	17	1
54	180	17	1
213	20	17	1
54	20	17	1
5	6	18	1
5	365	18	1
364	6	18	1
364	365	18	1
365	364	19	1
497	370	20	1
497	13	20	1
1	370	20	1
1	13	20	1
60	79	21	1
60	69	21	1
26	79	21	1
26	69	21	1
79	20	22	1
54	20	22	1
60	79	23	1
60	9	23	1
60	68	23	1
33	79	23	1
33	9	23	1
33	68	23	1
10	79	23	1
10	9	23	1
10	68	23	1
79	33	24	1
68	33	24	1
2	8	25	1
2	60	25	1
79	8	25	1
79	60	25	1
8	79	26	1
73	29	27	1
73	713	27	1
712	29	27	1
712	713	27	1
29	73	28	1
713	73	28	1
29	712	28	1
713	712	28	1
8	18	29	1
8	9	29	1
1	18	29	1
1	9	29	1
25	14	30	1
25	317	30	1
69	14	30	1
69	317	30	1
2	8	31	1
2	9	31	1
2	4	31	1
603	8	31	1
603	9	31	1
603	4	31	1
623	622	32	1
99	139	33	1
99	64	33	1
72	139	33	1
72	64	33	1
154	89	34	1
64	177	35	1
64	149	35	1
89	177	35	1
89	149	35	1
177	64	36	1
149	64	36	1
177	89	36	1
149	89	36	1
209	84	37	1
209	89	37	1
84	209	38	1
89	209	38	1
116	492	39	1
116	10	39	1
116	11	39	1
50	492	39	1
50	10	39	1
50	11	39	1
492	116	40	1
492	50	40	1
2	18	41	1
2	116	41	1
2	12	41	1
161	18	41	1
161	116	41	1
161	12	41	1
10	18	41	1
10	116	41	1
10	12	41	1
18	161	42	1
116	161	42	1
361	74	43	1
361	28	43	1
179	74	43	1
179	28	43	1
35	12	44	1
35	73	44	1
300	12	44	1
300	73	44	1
73	300	45	1
704	882	46	1
704	19	46	1
17	882	46	1
17	19	46	1
882	704	47	1
19	704	47	1
555	699	48	1
555	12	48	1
117	699	48	1
117	12	48	1
2	285	49	1
2	12	49	1
2	8	51	1
2	9	51	1
1	8	51	1
1	9	51	1
2	8	52	1
2	585	52	1
424	8	52	1
424	585	52	1
8	424	53	1
585	424	53	1
2	8	54	1
2	425	54	1
576	8	54	1
576	425	54	1
610	854	55	1
610	364	55	1
610	1	55	1
365	854	55	1
365	364	55	1
365	1	55	1
7	854	55	1
7	364	55	1
7	1	55	1
59	854	55	1
59	364	55	1
59	1	55	1
854	610	56	1
364	610	56	1
854	365	56	1
364	365	56	1
286	86	57	1
286	86	58	1
378	84	59	1
378	287	59	1
84	378	60	1
287	378	60	1
286	320	61	1
286	4	61	1
286	59	61	1
3	320	61	1
3	4	61	1
3	59	61	1
1	320	61	1
1	4	61	1
1	59	61	1
286	320	62	1
286	5	62	1
286	59	62	1
6	320	62	1
6	5	62	1
6	59	62	1
1	320	62	1
1	5	62	1
1	59	62	1
189	23	63	1
189	11	63	1
189	4	63	1
189	59	63	1
3	23	63	1
3	11	63	1
3	4	63	1
3	59	63	1
23	189	64	1
540	22	65	1
540	5	65	1
540	59	65	1
6	22	65	1
6	5	65	1
6	59	65	1
1	22	65	1
1	5	65	1
1	59	65	1
540	22	66	1
540	4	66	1
540	59	66	1
3	22	66	1
3	4	66	1
3	59	66	1
1	22	66	1
1	4	66	1
1	59	66	1
20	167	67	1
20	132	68	1
243	12	69	1
243	519	69	1
143	31	70	1
143	51	70	1
143	24	70	1
1	31	70	1
1	51	70	1
1	24	70	1
7	31	70	1
7	51	70	1
7	24	70	1
836	174	71	1
836	1	71	1
174	836	72	1
658	659	73	1
658	5	73	1
658	59	73	1
6	659	73	1
6	5	73	1
6	59	73	1
1	659	73	1
1	5	73	1
1	59	73	1
660	661	74	1
660	4	74	1
660	59	74	1
3	661	74	1
3	4	74	1
3	59	74	1
1	661	74	1
1	4	74	1
1	59	74	1
660	661	75	1
660	5	75	1
660	59	75	1
6	661	75	1
6	5	75	1
6	59	75	1
1	661	75	1
1	5	75	1
1	59	75	1
2	8	76	1
2	139	76	1
212	8	76	1
212	139	76	1
8	212	77	1
139	212	77	1
99	139	78	1
99	43	78	1
254	139	78	1
254	43	78	1
139	99	79	1
43	99	79	1
139	254	79	1
43	254	79	1
99	139	80	1
99	80	80	1
184	139	80	1
184	80	80	1
77	8	81	1
77	9	81	1
77	152	81	1
44	8	81	1
44	9	81	1
44	152	81	1
2	8	81	1
2	9	81	1
2	152	81	1
8	44	82	1
152	44	82	1
597	12	83	1
597	375	83	1
597	11	83	1
891	12	83	1
891	375	83	1
891	11	83	1
52	496	84	1
52	18	84	1
8	496	84	1
8	18	84	1
496	8	85	1
18	8	85	1
47	56	86	1
47	65	86	1
1	56	86	1
1	65	86	1
2	18	87	1
2	90	87	1
88	18	87	1
88	90	87	1
18	88	88	1
90	88	88	1
287	87	89	1
521	39	90	1
521	167	90	1
1	39	90	1
1	167	90	1
165	400	91	1
165	11	91	1
165	5	91	1
165	59	91	1
6	400	91	1
6	11	91	1
6	5	91	1
6	59	91	1
780	610	92	1
2	8	93	1
2	898	93	1
777	8	93	1
777	898	93	1
8	777	94	1
898	777	94	1
818	820	95	1
39	820	95	1
636	189	96	1
48	12	97	1
48	187	97	1
290	12	97	1
290	187	97	1
187	290	98	1
188	221	99	1
2	8	100	1
2	9	100	1
2	97	100	1
2	11	100	1
390	8	100	1
390	9	100	1
390	97	100	1
390	11	100	1
88	16	101	1
88	1	101	1
88	9	101	1
89	16	101	1
89	1	101	1
89	9	101	1
13	16	101	1
13	1	101	1
13	9	101	1
473	758	102	1
473	13	102	1
1	758	102	1
1	13	102	1
2	18	103	1
2	12	103	1
2	570	103	1
524	18	103	1
524	12	103	1
524	570	103	1
74	18	103	1
74	12	103	1
74	570	103	1
280	202	104	1
280	4	104	1
280	59	104	1
3	202	104	1
3	4	104	1
3	59	104	1
1	202	104	1
1	4	104	1
1	59	104	1
49	22	105	1
49	207	105	1
64	22	105	1
64	207	105	1
22	49	106	1
207	49	106	1
22	64	106	1
207	64	106	1
64	148	107	1
64	177	107	1
64	1	107	1
9	148	107	1
9	177	107	1
9	1	107	1
2	8	108	1
2	64	108	1
72	8	108	1
72	64	108	1
8	72	109	1
64	72	109	1
308	64	110	1
308	9	110	1
1	64	110	1
1	9	110	1
209	64	111	1
209	9	111	1
1	64	111	1
1	9	111	1
48	85	112	1
48	209	112	1
64	85	112	1
64	209	112	1
85	64	113	1
209	64	113	1
123	169	114	1
380	536	115	1
380	8	115	1
2	536	115	1
2	8	115	1
48	85	116	1
48	536	116	1
380	85	116	1
380	536	116	1
55	14	117	1
55	536	117	1
380	14	117	1
380	536	117	1
60	79	118	1
60	536	118	1
380	79	118	1
380	536	118	1
654	673	119	1
142	182	120	1
142	13	120	1
1	182	120	1
1	13	120	1
142	111	121	1
142	295	121	1
9	111	121	1
9	295	121	1
111	142	122	1
295	142	122	1
270	81	123	1
270	314	123	1
9	81	123	1
9	314	123	1
81	270	124	1
314	270	124	1
562	722	125	1
562	4	125	1
562	59	125	1
3	722	125	1
3	4	125	1
3	59	125	1
1	722	125	1
1	4	125	1
1	59	125	1
722	562	126	1
562	722	127	1
562	5	127	1
562	59	127	1
6	722	127	1
6	5	127	1
6	59	127	1
1	722	127	1
1	5	127	1
1	59	127	1
722	562	128	1
556	561	129	1
561	108	130	1
561	1	130	1
727	332	131	1
727	4	131	1
727	59	131	1
3	332	131	1
3	4	131	1
3	59	131	1
1	332	131	1
1	4	131	1
1	59	131	1
2	8	132	1
2	568	132	1
564	8	132	1
564	568	132	1
2	12	133	1
2	15	133	1
46	12	133	1
46	15	133	1
23	377	135	1
66	72	136	1
66	26	136	1
1	72	136	1
1	26	136	1
66	467	137	1
66	173	137	1
1	467	137	1
1	173	137	1
2	18	138	1
2	12	138	1
2	114	138	1
2	22	138	1
38	18	138	1
38	12	138	1
38	114	138	1
38	22	138	1
49	18	138	1
49	12	138	1
49	114	138	1
49	22	138	1
1	18	138	1
1	12	138	1
1	114	138	1
1	22	138	1
2	8	139	1
2	9	139	1
2	22	139	1
2	124	139	1
49	8	139	1
49	9	139	1
49	22	139	1
49	124	139	1
181	8	139	1
181	9	139	1
181	22	139	1
181	124	139	1
1	8	139	1
1	9	139	1
1	22	139	1
1	124	139	1
2	8	140	1
2	48	140	1
85	8	140	1
85	48	140	1
8	85	141	1
2	8	142	1
2	9	142	1
2	48	142	1
55	8	142	1
55	9	142	1
55	48	142	1
13	8	142	1
13	9	142	1
13	48	142	1
85	20	144	1
54	20	144	1
2	8	145	1
2	9	145	1
2	48	145	1
2	22	145	1
55	8	145	1
55	9	145	1
55	48	145	1
55	22	145	1
49	8	145	1
49	9	145	1
49	48	145	1
49	22	145	1
1	8	145	1
1	9	145	1
1	48	145	1
1	22	145	1
2	12	146	1
2	340	146	1
403	12	146	1
403	340	146	1
340	18	147	1
340	403	147	1
1	18	147	1
1	403	147	1
163	779	148	1
163	22	148	1
49	779	148	1
49	22	148	1
163	165	149	1
421	163	150	1
421	9	150	1
191	162	151	1
191	24	151	1
7	162	151	1
7	24	151	1
275	162	152	1
275	13	152	1
275	24	152	1
1	162	152	1
1	13	152	1
1	24	152	1
7	162	152	1
7	13	152	1
7	24	152	1
4	18	153	1
4	907	153	1
1	18	153	1
1	907	153	1
2	8	154	1
2	69	154	1
26	8	154	1
26	69	154	1
25	40	155	1
40	25	156	1
453	278	157	1
453	13	157	1
453	24	157	1
1	278	157	1
1	13	157	1
1	24	157	1
7	278	157	1
7	13	157	1
7	24	157	1
2	8	158	1
2	9	158	1
2	62	158	1
21	8	158	1
21	9	158	1
21	62	158	1
181	8	158	1
181	9	158	1
181	62	158	1
8	21	159	1
62	21	159	1
63	252	160	1
239	498	161	1
239	5	161	1
239	59	161	1
9	498	161	1
9	5	161	1
9	59	161	1
6	498	161	1
6	5	161	1
6	59	161	1
498	239	162	1
449	222	163	1
449	295	163	1
9	222	163	1
9	295	163	1
222	449	164	1
295	449	164	1
711	164	165	1
711	295	165	1
711	59	165	1
9	164	165	1
9	295	165	1
9	59	165	1
164	711	166	1
295	711	166	1
500	115	167	1
500	295	167	1
9	115	167	1
9	295	167	1
487	2	168	1
487	90	168	1
12	2	168	1
12	90	168	1
90	487	169	1
373	466	170	1
373	28	170	1
74	466	170	1
74	28	170	1
682	20	171	1
682	13	171	1
682	690	171	1
1	20	171	1
1	13	171	1
1	690	171	1
20	682	172	1
690	682	172	1
687	632	173	1
687	553	173	1
577	632	173	1
577	553	173	1
632	687	174	1
553	687	174	1
632	577	174	1
553	577	174	1
4	3	175	1
4	365	175	1
4	59	175	1
364	3	175	1
364	365	175	1
364	59	175	1
365	364	176	1
2	8	177	1
2	6	177	1
3	8	177	1
3	6	177	1
5	6	179	1
5	351	179	1
5	59	179	1
350	6	179	1
350	351	179	1
350	59	179	1
351	350	180	1
2	8	181	1
2	9	181	1
2	601	181	1
596	8	181	1
596	9	181	1
596	601	181	1
38	8	181	1
38	9	181	1
38	601	181	1
475	321	182	1
475	9	182	1
1	321	182	1
1	9	182	1
2	8	183	1
2	9	183	1
2	905	183	1
904	8	183	1
904	9	183	1
904	905	183	1
31	8	183	1
31	9	183	1
31	905	183	1
589	420	184	1
589	1	184	1
516	343	185	1
516	9	185	1
1	343	185	1
1	9	185	1
343	516	186	1
650	31	187	1
650	63	187	1
2	8	188	1
2	382	188	1
171	8	188	1
171	382	188	1
239	171	189	1
239	171	190	1
68	10	191	1
68	386	191	1
171	10	191	1
171	386	191	1
21	10	192	1
21	373	192	1
171	10	192	1
171	373	192	1
210	232	193	1
754	755	194	1
754	4	194	1
754	59	194	1
3	755	194	1
3	4	194	1
3	59	194	1
1	755	194	1
1	4	194	1
1	59	194	1
413	105	195	1
413	95	195	1
1	105	195	1
1	95	195	1
2	8	196	1
2	783	196	1
407	8	196	1
407	783	196	1
8	407	197	1
783	407	197	1
437	679	198	1
437	5	198	1
437	59	198	1
6	679	198	1
6	5	198	1
6	59	198	1
1	679	198	1
1	5	198	1
1	59	198	1
2	12	200	1
2	3	200	1
246	12	200	1
246	3	200	1
533	546	202	1
533	13	202	1
533	24	202	1
1	546	202	1
1	13	202	1
1	24	202	1
7	546	202	1
7	13	202	1
7	24	202	1
8	296	203	1
552	296	203	1
39	96	204	1
39	598	204	1
39	1	204	1
634	96	204	1
634	598	204	1
634	1	204	1
96	634	205	1
598	634	205	1
39	96	206	1
39	595	206	1
39	1	206	1
724	96	206	1
724	595	206	1
724	1	206	1
96	724	207	1
595	724	207	1
386	277	208	1
74	277	208	1
386	33	208	1
74	33	208	1
288	160	209	1
288	4	209	1
288	59	209	1
3	160	209	1
3	4	209	1
3	59	209	1
160	288	210	1
205	137	211	1
205	11	211	1
205	5	211	1
205	59	211	1
6	137	211	1
6	11	211	1
6	5	211	1
6	59	211	1
137	205	212	1
137	149	213	1
149	137	214	1
125	111	215	1
125	557	215	1
9	111	215	1
9	557	215	1
111	125	216	1
557	125	216	1
2	8	217	1
2	9	217	1
2	718	217	1
717	8	217	1
717	9	217	1
717	718	217	1
22	8	217	1
22	9	217	1
22	718	217	1
8	717	218	1
718	717	218	1
8	22	218	1
718	22	218	1
2	8	219	1
18	8	219	1
8	18	220	1
133	896	221	1
133	12	221	1
133	1	221	1
2	896	221	1
2	12	221	1
2	1	221	1
181	896	221	1
181	12	221	1
181	1	221	1
59	896	221	1
59	12	221	1
59	1	221	1
438	325	222	1
519	12	223	1
519	324	223	1
519	6	223	1
5	12	223	1
5	324	223	1
5	6	223	1
59	12	223	1
59	324	223	1
59	6	223	1
858	859	224	1
858	6	224	1
5	859	224	1
5	6	224	1
59	859	224	1
59	6	224	1
62	858	225	1
62	10	225	1
62	11	225	1
116	858	225	1
116	10	225	1
116	11	225	1
858	62	226	1
858	116	226	1
144	51	227	1
144	13	227	1
144	24	227	1
7	51	227	1
7	13	227	1
7	24	227	1
1	51	227	1
1	13	227	1
1	24	227	1
22	244	228	1
550	244	228	1
287	169	229	1
287	4	229	1
287	59	229	1
3	169	229	1
3	4	229	1
3	59	229	1
1	169	229	1
1	4	229	1
1	59	229	1
639	330	230	1
639	95	230	1
1	330	230	1
1	95	230	1
330	639	231	1
95	639	231	1
17	19	232	1
17	665	232	1
328	19	232	1
328	665	232	1
19	328	233	1
665	328	233	1
731	464	234	1
731	4	234	1
731	59	234	1
3	464	234	1
3	4	234	1
3	59	234	1
1	464	234	1
1	4	234	1
1	59	234	1
39	31	235	1
39	489	235	1
471	31	235	1
471	489	235	1
31	471	236	1
489	471	236	1
83	732	237	1
83	52	237	1
612	732	237	1
612	52	237	1
732	83	238	1
732	612	238	1
21	10	239	1
21	296	239	1
22	10	239	1
22	296	239	1
32	20	240	1
32	22	240	1
23	20	240	1
23	22	240	1
20	32	241	1
22	32	241	1
20	23	241	1
22	23	241	1
2	18	242	1
2	12	242	1
2	3	242	1
2	22	242	1
340	18	242	1
340	12	242	1
340	3	242	1
340	22	242	1
49	18	242	1
49	12	242	1
49	3	242	1
49	22	242	1
1	18	242	1
1	12	242	1
1	3	242	1
1	22	242	1
49	22	243	1
49	13	243	1
1	22	243	1
1	13	243	1
2	8	244	1
2	9	244	1
2	22	244	1
452	8	244	1
452	9	244	1
452	22	244	1
1	8	244	1
1	9	244	1
1	22	244	1
2	8	245	1
2	9	245	1
2	49	245	1
22	8	245	1
22	9	245	1
22	49	245	1
13	8	245	1
13	9	245	1
13	49	245	1
8	22	246	1
49	22	246	1
74	179	247	1
74	20	247	1
74	13	247	1
1	179	247	1
1	20	247	1
1	13	247	1
477	789	248	1
477	4	248	1
477	59	248	1
1	789	248	1
1	4	248	1
1	59	248	1
3	789	248	1
3	4	248	1
3	59	248	1
2	8	249	1
2	176	249	1
119	8	249	1
119	176	249	1
60	79	250	1
60	176	250	1
119	79	250	1
119	176	250	1
118	189	251	1
189	118	252	1
118	231	253	1
118	1	253	1
231	118	254	1
640	119	255	1
640	95	255	1
1	119	255	1
1	95	255	1
119	640	256	1
95	640	256	1
253	219	257	1
253	4	257	1
253	59	257	1
3	219	257	1
3	4	257	1
3	59	257	1
219	253	258	1
648	647	259	1
2	8	260	1
2	5	260	1
4	8	260	1
4	5	260	1
599	12	262	1
599	349	262	1
283	12	262	1
283	349	262	1
426	349	263	1
426	1	263	1
283	349	263	1
283	1	263	1
349	426	264	1
349	283	264	1
2	8	265	1
2	249	265	1
432	8	265	1
432	249	265	1
8	432	266	1
249	432	266	1
249	432	267	1
249	80	267	1
184	432	267	1
184	80	267	1
873	874	268	1
873	4	268	1
873	59	268	1
3	874	268	1
3	4	268	1
3	59	268	1
131	145	269	1
1	145	269	1
2	8	270	1
2	9	270	1
2	538	270	1
499	8	270	1
499	9	270	1
499	538	270	1
31	8	270	1
31	9	270	1
31	538	270	1
304	16	271	1
304	13	271	1
304	24	271	1
1	16	271	1
1	13	271	1
1	24	271	1
7	16	271	1
7	13	271	1
7	24	271	1
24	96	272	1
24	1	272	1
39	96	272	1
39	1	272	1
21	417	273	1
21	10	273	1
1	417	273	1
1	10	273	1
23	417	273	1
23	10	273	1
297	24	274	1
297	16	274	1
7	24	274	1
7	16	274	1
827	830	275	1
827	429	275	1
39	830	275	1
39	429	275	1
830	827	276	1
21	10	277	1
21	416	277	1
396	10	277	1
396	416	277	1
63	28	278	1
63	5	278	1
63	59	278	1
6	28	278	1
6	5	278	1
6	59	278	1
1	28	278	1
1	5	278	1
1	59	278	1
2	8	279	1
2	297	279	1
191	8	279	1
191	297	279	1
8	191	280	1
297	191	280	1
153	12	281	1
153	204	281	1
97	12	281	1
97	204	281	1
240	152	282	1
240	59	282	1
1	152	282	1
1	59	282	1
152	240	283	1
558	151	284	1
828	826	285	1
218	787	286	1
218	24	286	1
7	787	286	1
7	24	286	1
1	787	286	1
1	24	286	1
217	230	287	1
217	216	287	1
109	230	287	1
109	216	287	1
249	217	288	1
249	12	288	1
1	217	288	1
1	12	288	1
614	628	289	1
614	5	289	1
614	59	289	1
6	628	289	1
6	5	289	1
6	59	289	1
628	614	290	1
614	628	291	1
614	4	291	1
614	59	291	1
3	628	291	1
3	4	291	1
3	59	291	1
628	614	292	1
280	202	293	1
280	5	293	1
280	59	293	1
6	202	293	1
6	5	293	1
6	59	293	1
1	202	293	1
1	5	293	1
1	59	293	1
310	633	294	1
633	310	295	1
649	170	296	1
649	314	296	1
9	170	296	1
9	314	296	1
170	649	297	1
314	649	297	1
35	715	298	1
1	715	298	1
35	605	300	1
35	44	300	1
1	605	300	1
1	44	300	1
35	44	301	1
35	428	301	1
35	12	301	1
1	44	301	1
1	428	301	1
1	12	301	1
356	251	302	1
356	4	302	1
356	59	302	1
3	251	302	1
3	4	302	1
3	59	302	1
251	356	303	1
356	251	304	1
356	5	304	1
356	59	304	1
6	251	304	1
6	5	304	1
6	59	304	1
251	356	305	1
382	133	306	1
382	9	306	1
1	133	306	1
1	9	306	1
70	84	307	1
70	433	307	1
15	84	307	1
15	433	307	1
84	70	308	1
84	70	309	1
278	167	310	1
548	590	311	1
90	590	311	1
673	543	312	1
673	1	312	1
543	673	313	1
397	460	314	1
397	9	314	1
1	460	314	1
1	9	314	1
113	20	315	1
113	11	315	1
113	4	315	1
113	59	315	1
3	20	315	1
3	11	315	1
3	4	315	1
3	59	315	1
20	113	316	1
30	20	317	1
30	11	317	1
387	337	318	1
387	9	318	1
1	337	318	1
1	9	318	1
359	706	319	1
389	125	320	1
389	192	320	1
102	125	320	1
102	192	320	1
125	389	321	1
192	389	321	1
125	102	321	1
192	102	321	1
193	742	322	1
193	8	322	1
2	742	322	1
2	8	322	1
742	193	323	1
8	193	323	1
157	222	324	1
157	13	324	1
1	222	324	1
1	13	324	1
89	16	325	1
89	22	325	1
89	9	325	1
89	1	325	1
137	16	325	1
137	22	325	1
137	9	325	1
137	1	325	1
49	16	325	1
49	22	325	1
49	9	325	1
49	1	325	1
562	392	326	1
562	392	327	1
636	23	328	1
636	11	328	1
353	23	329	1
353	13	329	1
1	23	329	1
1	13	329	1
163	82	330	1
163	20	330	1
163	1	330	1
13	82	330	1
13	20	330	1
13	1	330	1
163	82	331	1
163	20	331	1
163	22	331	1
49	82	331	1
49	20	331	1
49	22	331	1
352	368	332	1
352	13	332	1
1	368	332	1
1	13	332	1
2	18	333	1
2	9	333	1
1	18	333	1
1	9	333	1
18	98	334	1
18	13	334	1
1	98	334	1
1	13	334	1
2	8	335	1
2	18	335	1
142	8	335	1
142	18	335	1
8	142	336	1
18	142	336	1
745	8	337	1
745	18	337	1
1	8	337	1
1	18	337	1
8	745	338	1
18	745	338	1
2	18	339	1
2	12	339	1
2	3	339	1
340	18	339	1
340	12	339	1
340	3	339	1
13	18	339	1
13	12	339	1
13	3	339	1
18	340	340	1
800	799	341	1
476	45	342	1
476	251	342	1
1	45	342	1
1	251	342	1
621	478	343	1
2	12	344	1
2	861	344	1
862	12	344	1
862	861	344	1
645	445	345	1
2	8	346	1
2	9	346	1
2	68	346	1
33	8	346	1
33	9	346	1
33	68	346	1
10	8	346	1
10	9	346	1
10	68	346	1
8	33	347	1
68	33	347	1
32	101	348	1
101	32	349	1
877	878	350	1
877	8	350	1
2	878	350	1
2	8	350	1
878	877	351	1
8	877	351	1
762	878	352	1
762	12	352	1
90	878	352	1
90	12	352	1
247	319	353	1
247	43	353	1
254	319	353	1
254	43	353	1
249	432	354	1
249	43	354	1
254	432	354	1
254	43	354	1
432	249	355	1
43	249	355	1
432	254	355	1
43	254	355	1
2	8	356	1
2	911	356	1
878	8	356	1
878	911	356	1
8	878	357	1
911	878	357	1
2	8	358	1
2	913	358	1
559	8	358	1
559	913	358	1
8	559	359	1
913	559	359	1
2	8	360	1
2	914	360	1
913	8	360	1
913	914	360	1
8	913	361	1
914	913	361	1
914	559	362	1
914	12	362	1
1	559	362	1
1	12	362	1
559	914	363	1
383	80	364	1
383	11	364	1
79	98	365	1
79	9	365	1
1	98	365	1
1	9	365	1
98	79	366	1
274	158	367	1
274	3	367	1
7	158	367	1
7	3	367	1
4	158	367	1
4	3	367	1
59	158	367	1
59	3	367	1
274	158	368	1
274	6	368	1
7	158	368	1
7	6	368	1
5	158	368	1
5	6	368	1
59	158	368	1
59	6	368	1
2	8	369	1
2	388	369	1
336	8	369	1
336	388	369	1
2	8	370	1
2	387	370	1
337	8	370	1
337	387	370	1
8	337	371	1
387	337	371	1
492	337	372	1
2	8	373	1
2	633	373	1
467	8	373	1
467	633	373	1
8	467	374	1
633	467	374	1
2	8	375	1
2	10	375	1
345	8	375	1
345	10	375	1
8	345	376	1
8	22	377	1
511	22	377	1
201	21	378	1
728	18	379	1
728	21	379	1
10	18	379	1
10	21	379	1
2	18	380	1
2	12	380	1
2	21	380	1
28	18	380	1
28	12	380	1
28	21	380	1
10	18	380	1
10	12	380	1
10	21	380	1
18	28	381	1
21	28	381	1
192	856	382	1
192	4	382	1
192	59	382	1
3	856	382	1
3	4	382	1
3	59	382	1
845	846	383	1
845	364	383	1
845	1	383	1
365	846	383	1
365	364	383	1
365	1	383	1
7	846	383	1
7	364	383	1
7	1	383	1
59	846	383	1
59	364	383	1
59	1	383	1
846	845	384	1
364	845	384	1
846	365	384	1
364	365	384	1
846	645	385	1
846	6	385	1
846	1	385	1
5	645	385	1
5	6	385	1
5	1	385	1
59	645	385	1
59	6	385	1
59	1	385	1
7	645	385	1
7	6	385	1
7	1	385	1
276	541	386	1
224	157	387	1
224	295	387	1
9	157	387	1
9	295	387	1
157	224	388	1
295	224	388	1
17	19	389	1
17	419	389	1
223	19	389	1
223	419	389	1
472	480	390	1
472	1	390	1
480	472	391	1
606	608	392	1
608	606	393	1
574	472	394	1
472	574	395	1
2	8	396	1
2	570	396	1
551	8	396	1
551	570	396	1
56	899	397	1
56	3	397	1
56	1	397	1
4	899	397	1
4	3	397	1
4	1	397	1
59	899	397	1
59	3	397	1
59	1	397	1
7	899	397	1
7	3	397	1
7	1	397	1
303	672	398	1
303	22	398	1
23	672	398	1
23	22	398	1
672	303	399	1
22	303	399	1
672	23	399	1
22	23	399	1
557	586	400	1
586	557	401	1
137	839	402	1
137	44	402	1
675	367	403	1
2	8	404	1
2	99	404	1
139	8	404	1
139	99	404	1
8	139	405	1
99	139	405	1
35	29	406	1
35	9	406	1
35	537	406	1
98	29	406	1
98	9	406	1
98	537	406	1
38	29	406	1
38	9	406	1
38	537	406	1
29	98	407	1
537	98	407	1
29	38	407	1
537	38	407	1
306	98	408	1
99	139	409	1
99	69	409	1
26	139	409	1
26	69	409	1
139	99	410	1
54	99	410	1
139	20	410	1
54	20	410	1
234	352	411	1
234	1	411	1
756	832	412	1
756	429	412	1
39	832	412	1
39	429	412	1
832	756	413	1
181	11	414	1
181	1	414	1
59	11	414	1
59	1	414	1
366	74	416	1
366	9	416	1
179	74	416	1
179	9	416	1
554	12	417	1
554	539	417	1
117	12	417	1
117	539	417	1
539	554	418	1
539	117	418	1
483	333	419	1
483	4	419	1
483	59	419	1
3	333	419	1
3	4	419	1
3	59	419	1
1	333	419	1
1	4	419	1
1	59	419	1
915	23	420	1
915	435	420	1
1	23	420	1
1	435	420	1
23	915	421	1
435	915	421	1
743	605	422	1
60	79	423	1
60	207	423	1
198	79	423	1
198	207	423	1
79	198	424	1
207	198	424	1
99	139	425	1
99	207	425	1
198	139	425	1
198	207	425	1
139	99	426	1
207	99	426	1
139	198	426	1
207	198	426	1
2	8	427	1
2	207	427	1
198	8	427	1
198	207	427	1
8	198	428	1
207	198	428	1
157	199	429	1
314	199	429	1
854	855	430	1
854	5	430	1
854	59	430	1
854	11	430	1
6	855	430	1
6	5	430	1
6	59	430	1
6	11	430	1
855	609	431	1
855	6	431	1
5	609	431	1
5	6	431	1
59	609	431	1
59	6	431	1
609	855	432	1
845	847	433	1
845	364	433	1
845	1	433	1
365	847	433	1
365	364	433	1
365	1	433	1
7	847	433	1
7	364	433	1
7	1	433	1
59	847	433	1
59	364	433	1
59	1	433	1
847	845	434	1
364	845	434	1
847	365	434	1
364	365	434	1
88	137	435	1
137	88	436	1
295	88	437	1
88	295	438	1
2	8	439	1
2	88	439	1
92	8	439	1
92	88	439	1
2	8	440	1
2	149	440	1
188	8	440	1
188	149	440	1
109	77	441	1
109	50	441	1
31	77	441	1
31	50	441	1
1	77	441	1
1	50	441	1
50	109	442	1
50	31	442	1
810	811	443	1
39	811	443	1
811	810	444	1
94	151	445	1
94	22	445	1
23	151	445	1
23	22	445	1
151	94	446	1
22	94	446	1
151	23	446	1
22	23	446	1
2	8	447	1
2	241	447	1
362	8	447	1
362	241	447	1
8	362	448	1
241	362	448	1
470	695	449	1
470	4	449	1
470	59	449	1
3	695	449	1
3	4	449	1
3	59	449	1
695	470	450	1
809	814	451	1
39	814	451	1
814	809	452	1
809	813	453	1
39	813	453	1
813	809	454	1
810	812	455	1
39	812	455	1
812	810	456	1
50	57	457	1
50	89	457	1
50	1	457	1
525	57	457	1
525	89	457	1
525	1	457	1
522	867	458	1
522	4	458	1
522	59	458	1
3	867	458	1
3	4	458	1
3	59	458	1
1	867	458	1
1	4	458	1
1	59	458	1
363	674	459	1
363	13	459	1
363	24	459	1
7	674	459	1
7	13	459	1
7	24	459	1
1	674	459	1
1	13	459	1
1	24	459	1
127	102	460	1
127	65	460	1
1	102	460	1
1	65	460	1
341	103	461	1
341	4	461	1
341	59	461	1
3	103	461	1
3	4	461	1
3	59	461	1
1	103	461	1
1	4	461	1
1	59	461	1
103	341	462	1
17	19	463	1
17	663	463	1
659	19	463	1
659	663	463	1
19	659	464	1
663	659	464	1
658	657	465	1
17	19	466	1
17	667	466	1
657	19	466	1
657	667	466	1
19	657	467	1
667	657	467	1
658	659	468	1
658	4	468	1
658	59	468	1
3	659	468	1
3	4	468	1
3	59	468	1
1	659	468	1
1	4	468	1
1	59	468	1
17	19	469	1
17	512	469	1
103	19	469	1
103	512	469	1
19	103	470	1
512	103	470	1
69	414	471	1
69	4	471	1
69	59	471	1
3	414	471	1
3	4	471	1
3	59	471	1
414	69	472	1
17	19	473	1
17	560	473	1
512	19	473	1
512	560	473	1
2	8	474	1
2	9	474	1
2	311	474	1
22	8	474	1
22	9	474	1
22	311	474	1
74	8	474	1
74	9	474	1
74	311	474	1
410	797	475	1
410	12	475	1
117	797	475	1
117	12	475	1
50	361	477	1
50	10	477	1
21	361	477	1
21	10	477	1
361	50	478	1
361	21	478	1
366	50	479	1
366	9	479	1
1	50	479	1
1	9	479	1
50	321	480	1
321	50	481	1
337	790	482	1
337	364	482	1
337	1	482	1
365	790	482	1
365	364	482	1
365	1	482	1
7	790	482	1
7	364	482	1
7	1	482	1
59	790	482	1
59	364	482	1
59	1	482	1
790	337	483	1
364	337	483	1
790	365	483	1
364	365	483	1
742	193	484	1
742	9	484	1
1	193	484	1
1	9	484	1
268	385	485	1
268	13	485	1
268	24	485	1
1	385	485	1
1	13	485	1
1	24	485	1
7	385	485	1
7	13	485	1
7	24	485	1
444	794	486	1
444	13	486	1
444	24	486	1
1	794	486	1
1	13	486	1
1	24	486	1
7	794	486	1
7	13	486	1
7	24	486	1
55	14	487	1
55	80	487	1
184	14	487	1
184	80	487	1
14	184	488	1
80	184	488	1
80	81	489	1
80	90	489	1
12	81	489	1
12	90	489	1
81	80	490	1
90	80	490	1
2	8	491	1
2	80	491	1
184	8	491	1
184	80	491	1
60	79	492	1
60	43	492	1
254	79	492	1
254	43	492	1
79	254	493	1
43	254	493	1
35	29	494	1
35	80	494	1
184	29	494	1
184	80	494	1
29	184	495	1
80	184	495	1
360	108	496	1
360	51	496	1
108	360	497	1
51	360	497	1
129	108	498	1
129	22	498	1
23	108	498	1
23	22	498	1
108	129	499	1
22	129	499	1
108	23	499	1
22	23	499	1
21	472	500	1
108	472	500	1
109	240	501	1
109	4	501	1
3	240	501	1
3	4	501	1
240	109	502	1
684	142	503	1
684	687	503	1
1	142	503	1
1	687	503	1
142	684	504	1
687	684	504	1
21	118	505	1
30	118	505	1
2	8	506	1
2	9	506	1
2	21	506	1
2	30	506	1
118	8	506	1
118	9	506	1
118	21	506	1
118	30	506	1
10	8	506	1
10	9	506	1
10	21	506	1
10	30	506	1
8	118	507	1
21	118	507	1
30	118	507	1
38	30	508	1
38	22	508	1
23	30	508	1
23	22	508	1
30	38	509	1
22	38	509	1
30	23	509	1
22	23	509	1
440	482	510	1
440	145	510	1
1	482	510	1
1	145	510	1
617	21	511	1
617	104	511	1
733	313	512	1
733	1	512	1
734	556	513	1
556	734	514	1
2	8	515	1
2	384	515	1
232	8	515	1
232	384	515	1
8	232	516	1
384	232	516	1
459	513	517	1
459	3	517	1
4	513	517	1
4	3	517	1
59	513	517	1
59	3	517	1
582	602	518	1
582	364	518	1
582	1	518	1
365	602	518	1
365	364	518	1
365	1	518	1
7	602	518	1
7	364	518	1
7	1	518	1
59	602	518	1
59	364	518	1
59	1	518	1
602	582	519	1
364	582	519	1
602	365	519	1
364	365	519	1
189	231	520	1
189	1	520	1
231	189	521	1
574	151	522	1
574	11	522	1
574	4	522	1
574	59	522	1
3	151	522	1
3	11	522	1
3	4	522	1
3	59	522	1
151	574	523	1
550	358	524	1
550	5	524	1
550	59	524	1
550	2	524	1
6	358	524	1
6	5	524	1
6	59	524	1
6	2	524	1
18	358	524	1
18	5	524	1
18	59	524	1
18	2	524	1
12	358	524	1
12	5	524	1
12	59	524	1
12	2	524	1
358	550	525	1
358	18	525	1
487	488	526	1
487	12	526	1
1	488	526	1
1	12	526	1
488	487	527	1
488	606	528	1
1	606	528	1
606	488	529	1
656	903	530	1
656	1	530	1
74	903	530	1
74	1	530	1
7	903	530	1
7	1	530	1
903	656	531	1
903	74	531	1
2	8	532	1
2	9	532	1
2	717	532	1
152	8	532	1
152	9	532	1
152	717	532	1
22	8	532	1
22	9	532	1
22	717	532	1
2	18	533	1
2	12	533	1
2	342	533	1
269	18	533	1
269	12	533	1
269	342	533	1
75	18	533	1
75	12	533	1
75	342	533	1
360	269	534	1
14	20	535	1
54	20	535	1
298	54	536	1
298	1	536	1
54	298	537	1
373	53	538	1
373	28	538	1
227	53	538	1
227	28	538	1
651	74	539	1
17	19	540	1
17	661	540	1
393	19	540	1
393	661	540	1
19	393	541	1
661	393	541	1
546	393	542	1
546	5	542	1
546	59	542	1
6	393	542	1
6	5	542	1
6	59	542	1
1	393	542	1
1	5	542	1
1	59	542	1
546	393	543	1
546	4	543	1
546	59	543	1
3	393	543	1
3	4	543	1
3	59	543	1
1	393	543	1
1	4	543	1
1	59	543	1
75	146	544	1
75	22	544	1
23	146	544	1
23	22	544	1
146	75	545	1
22	75	545	1
146	23	545	1
22	23	545	1
605	604	546	1
605	9	546	1
1	604	546	1
1	9	546	1
2	18	547	1
2	12	547	1
2	110	547	1
306	18	547	1
306	12	547	1
306	110	547	1
13	18	547	1
13	12	547	1
13	110	547	1
2	18	548	1
2	12	548	1
2	110	548	1
2	22	548	1
306	18	548	1
306	12	548	1
306	110	548	1
306	22	548	1
49	18	548	1
49	12	548	1
49	110	548	1
49	22	548	1
1	18	548	1
1	12	548	1
1	110	548	1
1	22	548	1
354	110	549	1
1	110	549	1
376	26	550	1
1	26	550	1
2	8	551	1
2	29	551	1
110	8	551	1
110	29	551	1
8	110	552	1
29	110	552	1
2	8	553	1
2	35	553	1
29	8	553	1
29	35	553	1
8	29	554	1
35	29	555	1
35	9	555	1
1	29	555	1
1	9	555	1
114	38	556	1
114	13	556	1
1	38	556	1
1	13	556	1
8	38	557	1
498	38	557	1
2	18	558	1
2	12	558	1
2	114	558	1
38	18	558	1
38	12	558	1
38	114	558	1
13	18	558	1
13	12	558	1
13	114	558	1
638	177	560	1
638	633	560	1
89	177	560	1
89	633	560	1
177	638	561	1
633	638	561	1
177	89	561	1
633	89	561	1
54	591	562	1
54	9	562	1
177	591	562	1
177	9	562	1
1	591	562	1
1	9	562	1
242	84	563	1
242	177	563	1
84	242	564	1
177	242	564	1
2	8	565	1
2	9	565	1
2	770	565	1
77	8	565	1
77	9	565	1
77	770	565	1
22	8	565	1
22	9	565	1
22	770	565	1
20	346	566	1
719	493	567	1
719	4	567	1
719	59	567	1
3	493	567	1
3	4	567	1
3	59	567	1
1	493	567	1
1	4	567	1
1	59	567	1
720	722	568	1
722	721	569	1
722	22	569	1
23	721	569	1
23	22	569	1
721	722	570	1
22	722	570	1
721	23	570	1
22	23	570	1
17	19	571	1
17	436	571	1
67	19	571	1
67	436	571	1
19	67	572	1
436	67	572	1
229	266	573	1
229	364	573	1
229	1	573	1
365	266	573	1
365	364	573	1
365	1	573	1
7	266	573	1
7	364	573	1
7	1	573	1
59	266	573	1
59	364	573	1
59	1	573	1
266	229	574	1
364	229	574	1
266	365	574	1
364	365	574	1
751	752	575	1
751	59	575	1
1	752	575	1
1	59	575	1
739	740	576	1
864	753	577	1
864	59	577	1
1	753	577	1
1	59	577	1
885	625	578	1
885	4	578	1
885	59	578	1
3	625	578	1
3	4	578	1
3	59	578	1
625	885	579	1
2	8	580	1
2	785	580	1
415	8	580	1
415	785	580	1
909	96	581	1
909	272	581	1
39	96	581	1
39	272	581	1
96	909	582	1
272	909	582	1
109	238	583	1
2	8	584	1
2	205	584	1
168	8	584	1
168	205	584	1
8	168	585	1
205	168	585	1
260	642	586	1
260	72	586	1
1	642	586	1
1	72	586	1
261	481	587	1
261	5	587	1
261	59	587	1
6	481	587	1
6	5	587	1
6	59	587	1
481	261	588	1
2	8	589	1
2	501	589	1
261	8	589	1
261	501	589	1
56	102	590	1
56	11	590	1
674	75	591	1
674	4	591	1
674	59	591	1
3	75	591	1
3	4	591	1
3	59	591	1
1	75	591	1
1	4	591	1
1	59	591	1
484	357	592	1
484	13	592	1
1	357	592	1
1	13	592	1
358	655	593	1
358	12	593	1
2	655	593	1
2	12	593	1
757	776	594	1
757	4	594	1
757	59	594	1
3	776	594	1
3	4	594	1
3	59	594	1
776	757	595	1
757	759	596	1
757	3	596	1
757	1	596	1
4	759	596	1
4	3	596	1
4	1	596	1
59	759	596	1
59	3	596	1
59	1	596	1
759	757	597	1
2	8	598	1
2	310	598	1
173	8	598	1
173	310	598	1
8	173	599	1
310	173	599	1
312	86	600	1
312	70	600	1
1	86	600	1
1	70	600	1
398	633	601	1
633	398	602	1
514	76	603	1
514	21	603	1
725	18	604	1
725	76	604	1
10	18	604	1
10	76	604	1
2	18	605	1
2	12	605	1
2	76	605	1
121	18	605	1
121	12	605	1
121	76	605	1
10	18	605	1
10	12	605	1
10	76	605	1
18	121	606	1
76	121	606	1
540	112	607	1
233	278	608	1
233	4	608	1
233	59	608	1
3	278	608	1
3	4	608	1
3	59	608	1
278	233	609	1
616	289	610	1
178	316	611	1
597	375	612	1
597	12	612	1
597	11	612	1
892	375	612	1
892	12	612	1
892	11	612	1
7	816	613	1
7	1	613	1
815	816	613	1
815	1	613	1
59	816	613	1
59	1	613	1
443	267	614	1
692	693	615	1
692	11	615	1
132	28	616	1
132	11	616	1
132	1	616	1
7	28	616	1
7	11	616	1
7	1	616	1
2	12	617	1
2	728	617	1
28	12	617	1
28	728	617	1
465	27	618	1
465	59	618	1
815	27	618	1
815	59	618	1
27	465	619	1
2	8	620	1
2	319	620	1
156	8	620	1
156	319	620	1
8	156	621	1
319	156	621	1
515	566	622	1
515	1	622	1
566	515	623	1
2	8	624	1
2	9	624	1
2	517	624	1
587	8	624	1
587	9	624	1
587	517	624	1
8	587	625	1
517	587	625	1
558	574	626	1
17	19	627	1
17	581	627	1
644	19	627	1
644	581	627	1
19	644	628	1
581	644	628	1
226	245	629	1
226	24	629	1
7	245	629	1
7	24	629	1
2	8	630	1
2	573	630	1
542	8	630	1
542	573	630	1
8	542	631	1
573	542	631	1
228	530	632	1
840	763	633	1
840	44	633	1
840	155	633	1
7	763	633	1
7	44	633	1
7	155	633	1
840	401	634	1
840	44	634	1
7	401	634	1
7	44	634	1
635	633	635	1
635	9	635	1
1	633	635	1
1	9	635	1
152	77	636	1
152	594	636	1
590	77	636	1
590	594	636	1
594	152	637	1
594	590	637	1
74	359	638	1
74	186	638	1
23	359	638	1
23	186	638	1
398	414	639	1
398	4	639	1
398	59	639	1
3	414	639	1
3	4	639	1
3	59	639	1
414	398	640	1
602	575	641	1
602	11	641	1
602	5	641	1
602	59	641	1
6	575	641	1
6	11	641	1
6	5	641	1
6	59	641	1
802	369	642	1
802	5	642	1
802	59	642	1
6	369	642	1
6	5	642	1
6	59	642	1
265	653	643	1
265	22	643	1
23	653	643	1
23	22	643	1
653	265	644	1
22	265	644	1
653	23	644	1
22	23	644	1
348	592	645	1
348	13	645	1
348	24	645	1
1	592	645	1
1	13	645	1
1	24	645	1
7	592	645	1
7	13	645	1
7	24	645	1
74	359	646	1
74	22	646	1
23	359	646	1
23	22	646	1
58	122	647	1
58	22	647	1
23	122	647	1
23	22	647	1
122	58	648	1
22	58	648	1
122	23	648	1
22	23	648	1
334	58	649	1
334	1	649	1
334	11	649	1
84	130	650	1
84	9	650	1
1	130	650	1
1	9	650	1
2	8	651	1
2	84	651	1
130	8	651	1
130	84	651	1
8	130	652	1
84	130	652	1
89	84	653	1
84	89	654	1
403	711	655	1
403	2	655	1
8	711	655	1
8	2	655	1
711	403	656	1
711	8	656	1
116	10	657	1
116	161	657	1
1	10	657	1
1	161	657	1
620	116	658	1
205	137	659	1
205	11	659	1
205	4	659	1
205	59	659	1
3	137	659	1
3	11	659	1
3	4	659	1
3	59	659	1
137	205	660	1
709	710	661	1
26	710	661	1
707	708	662	1
707	4	662	1
707	59	662	1
3	708	662	1
3	4	662	1
3	59	662	1
1	708	662	1
1	4	662	1
1	59	662	1
702	703	663	1
702	19	663	1
17	703	663	1
17	19	663	1
520	563	664	1
520	24	664	1
7	563	664	1
7	24	664	1
427	525	665	1
427	11	665	1
427	1	665	1
2	8	666	1
2	16	666	1
162	8	666	1
162	16	666	1
8	162	667	1
16	162	667	1
821	823	668	1
39	823	668	1
823	821	669	1
822	824	670	1
822	1	670	1
39	824	670	1
39	1	670	1
824	822	671	1
182	170	672	1
182	295	672	1
9	170	672	1
9	295	672	1
170	182	673	1
295	182	673	1
48	12	674	1
48	678	674	1
748	12	674	1
748	678	674	1
678	748	675	1
61	400	676	1
61	22	676	1
23	400	676	1
23	22	676	1
400	61	677	1
22	61	677	1
400	23	677	1
22	23	677	1
423	394	678	1
135	331	679	1
654	195	680	1
654	11	680	1
330	159	681	1
330	5	681	1
330	59	681	1
6	159	681	1
6	5	681	1
6	59	681	1
159	330	682	1
629	630	683	1
629	19	683	1
17	630	683	1
17	19	683	1
630	629	684	1
19	629	684	1
626	627	685	1
626	19	685	1
17	627	685	1
17	19	685	1
627	626	686	1
19	626	686	1
615	532	687	1
615	145	687	1
1	532	687	1
1	145	687	1
2	8	688	1
2	597	688	1
585	8	688	1
585	597	688	1
8	585	689	1
597	585	689	1
582	600	690	1
582	364	690	1
582	1	690	1
365	600	690	1
365	364	690	1
365	1	690	1
7	600	690	1
7	364	690	1
7	1	690	1
59	600	690	1
59	364	690	1
59	1	690	1
600	582	691	1
364	582	691	1
600	365	691	1
364	365	691	1
73	29	692	1
73	712	692	1
583	29	692	1
583	712	692	1
29	73	693	1
712	73	693	1
29	583	693	1
712	583	693	1
648	584	694	1
648	4	694	1
648	59	694	1
3	584	694	1
3	4	694	1
3	59	694	1
1	584	694	1
1	4	694	1
1	59	694	1
2	8	695	1
2	41	695	1
147	8	695	1
147	41	695	1
8	147	696	1
41	147	697	1
41	9	697	1
1	147	697	1
1	9	697	1
49	499	698	1
90	499	698	1
49	22	698	1
90	22	698	1
82	565	699	1
90	565	699	1
635	84	700	1
635	89	700	1
84	635	701	1
89	635	701	1
602	575	702	1
602	11	702	1
602	4	702	1
602	59	702	1
3	575	702	1
3	11	702	1
3	4	702	1
3	59	702	1
2	12	703	1
2	714	703	1
91	12	703	1
91	714	703	1
149	796	704	1
149	89	704	1
52	796	704	1
52	89	704	1
796	149	705	1
89	149	705	1
638	796	706	1
638	88	706	1
52	796	706	1
52	88	706	1
796	638	707	1
88	638	707	1
48	12	708	1
48	677	708	1
527	12	708	1
527	677	708	1
677	527	709	1
2	8	710	1
2	242	710	1
638	8	710	1
638	242	710	1
8	638	711	1
242	638	711	1
242	638	712	1
242	9	712	1
1	638	712	1
1	9	712	1
372	446	713	1
371	508	714	1
371	11	714	1
17	19	715	1
17	470	715	1
371	19	715	1
371	470	715	1
63	28	716	1
63	4	716	1
63	59	716	1
3	28	716	1
3	4	716	1
3	59	716	1
1	28	716	1
1	4	716	1
1	59	716	1
150	33	717	1
150	4	717	1
150	59	717	1
3	33	717	1
3	4	717	1
3	59	717	1
1	33	717	1
1	4	717	1
1	59	717	1
150	33	718	1
150	5	718	1
150	59	718	1
6	33	718	1
6	5	718	1
6	59	718	1
1	33	718	1
1	5	718	1
1	59	718	1
36	244	719	1
23	244	719	1
37	120	720	1
60	79	721	1
60	9	721	1
1	79	721	1
1	9	721	1
20	612	722	1
20	11	722	1
52	612	722	1
52	11	722	1
133	83	723	1
133	13	723	1
412	83	724	1
412	13	724	1
1	83	724	1
1	13	724	1
83	412	725	1
735	83	726	1
111	18	727	1
90	18	727	1
285	18	728	1
1	18	728	1
243	410	729	1
243	12	729	1
97	410	729	1
97	12	729	1
2	8	730	1
2	55	730	1
14	8	730	1
14	55	730	1
8	14	731	1
14	80	732	1
14	9	732	1
1	80	732	1
1	9	732	1
2	8	733	1
2	14	733	1
80	8	733	1
80	14	733	1
8	80	734	1
14	80	734	1
55	14	735	1
55	9	735	1
1	14	735	1
1	9	735	1
2	8	736	1
2	902	736	1
181	8	736	1
181	902	736	1
906	767	738	1
906	6	738	1
906	1	738	1
5	767	738	1
5	6	738	1
5	1	738	1
59	767	738	1
59	6	738	1
59	1	738	1
7	767	738	1
7	6	738	1
7	1	738	1
901	83	739	1
901	13	739	1
1	83	739	1
1	13	739	1
256	44	740	1
256	13	740	1
1	44	740	1
1	13	740	1
49	22	742	1
23	22	742	1
502	883	743	1
502	6	743	1
5	883	743	1
5	6	743	1
59	883	743	1
59	6	743	1
2	8	744	1
2	89	744	1
287	8	744	1
287	89	744	1
185	18	745	1
185	88	745	1
1	18	745	1
1	88	745	1
81	397	746	1
81	1	746	1
88	397	746	1
88	1	746	1
164	403	747	1
90	403	747	1
164	8	747	1
90	8	747	1
2	8	748	1
2	304	748	1
275	8	748	1
275	304	748	1
8	275	749	1
304	275	749	1
255	534	750	1
255	13	750	1
255	24	750	1
1	534	750	1
1	13	750	1
1	24	750	1
7	534	750	1
7	13	750	1
7	24	750	1
435	74	751	1
435	31	751	1
1	74	751	1
1	31	751	1
74	435	752	1
31	435	752	1
2	8	753	1
2	425	753	1
785	8	753	1
785	425	753	1
48	12	754	1
48	284	754	1
206	12	754	1
206	284	754	1
284	206	755	1
414	205	756	1
1	205	756	1
608	589	757	1
608	590	757	1
608	22	757	1
49	589	757	1
49	590	757	1
49	22	757	1
361	681	758	1
361	28	758	1
437	681	758	1
437	28	758	1
681	361	759	1
28	361	759	1
23	68	760	1
23	11	760	1
23	4	760	1
23	59	760	1
10	68	760	1
10	11	760	1
10	4	760	1
10	59	760	1
3	68	760	1
3	11	760	1
3	4	760	1
3	59	760	1
339	282	761	1
339	26	761	1
1	282	761	1
1	26	761	1
281	649	762	1
281	13	762	1
1	649	762	1
1	13	762	1
281	111	763	1
281	314	763	1
9	111	763	1
9	314	763	1
111	281	764	1
314	281	764	1
176	64	765	1
64	176	766	1
60	79	767	1
60	209	767	1
64	79	767	1
64	209	767	1
69	64	768	1
64	69	769	1
293	37	770	1
293	65	770	1
37	293	771	1
65	293	771	1
833	834	772	1
833	798	772	1
39	834	772	1
39	798	772	1
834	833	773	1
775	835	774	1
775	798	774	1
39	835	774	1
39	798	774	1
59	835	774	1
59	798	774	1
835	775	775	1
662	663	776	1
662	4	776	1
662	59	776	1
3	663	776	1
3	4	776	1
3	59	776	1
1	663	776	1
1	4	776	1
1	59	776	1
2	18	777	1
2	12	777	1
2	190	777	1
141	18	777	1
141	12	777	1
141	190	777	1
10	18	777	1
10	12	777	1
10	190	777	1
23	479	778	1
9	2	779	1
9	53	779	1
9	1	779	1
12	2	779	1
12	53	779	1
12	1	779	1
17	2	779	1
17	53	779	1
17	1	779	1
17	389	780	1
17	11	780	1
59	389	780	1
59	11	780	1
2	8	781	1
2	46	781	1
166	8	781	1
166	46	781	1
8	166	782	1
46	166	783	1
46	9	783	1
1	166	783	1
1	9	783	1
608	590	784	1
608	589	784	1
608	1	784	1
13	590	784	1
13	589	784	1
13	1	784	1
15	18	785	1
15	857	785	1
2	8	786	1
2	524	786	1
342	8	786	1
342	524	786	1
8	342	787	1
524	342	787	1
455	341	788	1
381	341	789	1
381	9	789	1
1	341	789	1
1	9	789	1
162	191	790	1
21	10	791	1
21	211	791	1
207	10	791	1
207	211	791	1
2	8	792	1
2	425	792	1
422	8	792	1
422	425	792	1
180	213	793	1
180	80	793	1
184	213	793	1
184	80	793	1
294	652	794	1
294	22	794	1
23	652	794	1
23	22	794	1
652	294	795	1
22	294	795	1
652	23	795	1
22	23	795	1
631	292	796	1
631	13	796	1
631	24	796	1
7	292	796	1
7	13	796	1
7	24	796	1
1	292	796	1
1	13	796	1
1	24	796	1
291	507	797	1
521	39	798	1
521	278	798	1
278	521	799	1
292	758	800	1
292	4	800	1
292	59	800	1
3	758	800	1
3	4	800	1
3	59	800	1
1	758	800	1
1	4	800	1
1	59	800	1
292	758	801	1
292	5	801	1
292	59	801	1
6	758	801	1
6	5	801	1
6	59	801	1
1	758	801	1
1	5	801	1
1	59	801	1
17	19	802	1
17	666	802	1
279	19	802	1
279	666	802	1
19	279	803	1
666	279	803	1
63	252	804	1
2	8	805	1
2	209	805	1
64	8	805	1
64	209	805	1
133	31	806	1
133	63	806	1
31	133	807	1
63	133	807	1
841	842	808	1
842	841	809	1
842	840	810	1
842	9	810	1
1	840	810	1
1	9	810	1
236	56	811	1
236	296	811	1
22	56	811	1
22	296	811	1
56	236	812	1
296	236	812	1
56	22	812	1
296	22	812	1
124	9	813	1
124	237	813	1
38	9	813	1
38	237	813	1
124	9	814	1
124	196	814	1
56	9	814	1
56	196	814	1
508	374	816	1
508	11	816	1
508	1	816	1
7	374	816	1
7	11	816	1
7	1	816	1
597	12	817	1
597	375	817	1
568	12	817	1
568	375	817	1
374	465	818	1
374	24	818	1
7	465	818	1
7	24	818	1
465	374	819	1
864	750	820	1
751	749	821	1
879	795	822	1
879	13	822	1
1	795	822	1
1	13	822	1
35	354	823	1
35	12	823	1
55	12	825	1
55	138	825	1
884	12	825	1
884	138	825	1
138	884	826	1
908	694	827	1
908	815	827	1
59	694	827	1
59	815	827	1
694	908	828	1
48	85	829	1
48	9	829	1
1	85	829	1
1	9	829	1
865	866	830	1
865	11	830	1
865	24	830	1
7	866	830	1
7	11	830	1
7	24	830	1
1	866	830	1
1	11	830	1
1	24	830	1
17	19	831	1
17	470	831	1
837	19	831	1
837	470	831	1
20	167	832	1
20	23	832	1
377	167	832	1
377	23	832	1
167	20	833	1
23	20	833	1
167	377	833	1
23	377	833	1
234	531	834	1
531	234	835	1
101	20	836	1
101	13	836	1
101	24	836	1
1	20	836	1
1	13	836	1
1	24	836	1
7	20	836	1
7	13	836	1
7	24	836	1
50	572	837	1
50	31	837	1
50	1	837	1
408	572	837	1
408	31	837	1
408	1	837	1
572	50	838	1
31	50	838	1
503	451	839	1
368	371	840	1
368	1	840	1
900	897	841	1
900	22	841	1
23	897	841	1
23	22	841	1
897	900	842	1
22	900	842	1
897	23	842	1
22	23	842	1
764	339	843	1
764	26	843	1
338	461	844	1
461	338	845	1
244	550	846	1
244	22	846	1
244	24	846	1
1	550	846	1
1	22	846	1
1	24	846	1
7	550	846	1
7	22	846	1
7	24	846	1
301	357	847	1
301	4	847	1
301	59	847	1
3	357	847	1
3	4	847	1
3	59	847	1
1	357	847	1
1	4	847	1
1	59	847	1
805	808	848	1
39	808	848	1
55	12	849	1
55	25	849	1
78	12	849	1
78	25	849	1
25	78	850	1
805	807	851	1
39	807	851	1
643	95	852	1
643	642	852	1
1	95	852	1
1	642	852	1
95	643	853	1
642	643	853	1
817	819	854	1
39	819	854	1
27	843	855	1
27	12	855	1
1	843	855	1
1	12	855	1
243	843	855	1
243	12	855	1
843	27	856	1
843	243	856	1
34	14	857	1
34	583	857	1
579	14	857	1
579	583	857	1
165	122	858	1
165	1	858	1
165	11	858	1
506	136	859	1
8	136	860	1
154	136	860	1
2	8	861	1
2	136	861	1
169	8	861	1
169	136	861	1
8	169	862	1
136	169	862	1
2	8	863	1
2	898	863	1
783	8	863	1
783	898	863	1
8	783	864	1
898	783	864	1
63	612	865	1
52	612	865	1
612	63	866	1
5	6	867	1
5	1	867	1
5	690	867	1
59	6	867	1
59	1	867	1
59	690	867	1
888	6	867	1
888	1	867	1
888	690	867	1
690	888	868	1
802	369	869	1
802	4	869	1
802	59	869	1
3	369	869	1
3	4	869	1
3	59	869	1
619	618	870	1
619	6	870	1
5	618	870	1
5	6	870	1
59	618	870	1
59	6	870	1
586	841	871	1
586	1	871	1
42	18	872	1
42	9	872	1
1	18	872	1
1	9	872	1
841	840	873	1
841	9	873	1
1	840	873	1
1	9	873	1
99	139	874	1
99	379	874	1
330	139	874	1
330	379	874	1
389	125	875	1
389	323	875	1
192	125	875	1
192	323	875	1
125	389	876	1
323	389	876	1
125	192	876	1
323	192	876	1
322	815	877	1
322	695	877	1
59	815	877	1
59	695	877	1
695	322	878	1
2	8	879	1
2	379	879	1
330	8	879	1
330	379	879	1
401	53	880	1
401	23	880	1
22	53	880	1
22	23	880	1
53	401	881	1
23	401	881	1
53	22	881	1
23	22	881	1
538	571	882	1
538	77	882	1
240	571	882	1
240	77	882	1
1	571	882	1
1	77	882	1
571	538	883	1
571	240	883	1
611	405	884	1
875	876	885	1
875	18	885	1
875	12	885	1
875	22	885	1
2	876	885	1
2	18	885	1
2	12	885	1
2	22	885	1
49	876	885	1
49	18	885	1
49	12	885	1
49	22	885	1
1	876	885	1
1	18	885	1
1	12	885	1
1	22	885	1
876	875	886	1
18	875	886	1
22	875	886	1
876	49	886	1
18	49	886	1
22	49	886	1
588	875	887	1
588	4	887	1
588	59	887	1
3	875	887	1
3	4	887	1
3	59	887	1
1	875	887	1
1	4	887	1
1	59	887	1
875	588	888	1
346	612	889	1
346	20	889	1
52	612	889	1
52	20	889	1
612	346	890	1
20	346	890	1
346	545	891	1
346	6	891	1
5	545	891	1
5	6	891	1
59	545	891	1
59	6	891	1
462	347	892	1
236	416	893	1
236	22	893	1
23	416	893	1
23	22	893	1
416	236	894	1
22	236	894	1
416	23	894	1
22	23	894	1
68	234	895	1
68	10	895	1
68	11	895	1
31	234	895	1
31	10	895	1
31	11	895	1
234	68	896	1
234	31	896	1
2	8	897	1
2	432	897	1
217	8	897	1
217	432	897	1
8	217	898	1
432	217	898	1
248	215	899	1
248	9	899	1
1	215	899	1
1	9	899	1
2	8	900	1
2	215	900	1
216	8	900	1
216	215	900	1
8	216	901	1
215	216	901	1
248	215	902	1
248	80	902	1
184	215	902	1
184	80	902	1
248	215	903	1
248	43	903	1
254	215	903	1
254	43	903	1
215	248	904	1
43	248	904	1
215	254	904	1
43	254	904	1
180	213	905	1
180	43	905	1
254	213	905	1
254	43	905	1
213	180	906	1
43	180	906	1
213	254	906	1
43	254	906	1
2	8	907	1
2	213	907	1
214	8	907	1
214	213	907	1
8	214	908	1
213	214	908	1
2	8	909	1
2	248	909	1
215	8	909	1
215	248	909	1
8	215	910	1
248	215	910	1
215	216	911	1
215	9	911	1
1	216	911	1
1	9	911	1
2	8	912	1
2	9	912	1
2	5	912	1
607	8	912	1
607	9	912	1
607	5	912	1
895	607	913	1
607	895	914	1
894	603	915	1
603	894	916	1
8	439	917	1
124	439	917	1
65	11	918	1
65	13	918	1
1	11	918	1
1	13	918	1
434	11	919	1
434	1	919	1
23	22	921	1
396	22	922	1
396	4	922	1
396	59	922	1
3	22	922	1
3	4	922	1
3	59	922	1
1	22	922	1
1	4	922	1
1	59	922	1
23	22	923	1
773	774	924	1
773	8	924	1
2	774	924	1
2	8	924	1
774	773	925	1
8	773	925	1
725	121	926	1
20	732	927	1
20	11	927	1
83	732	927	1
83	11	927	1
386	466	928	1
386	33	928	1
74	466	928	1
74	33	928	1
375	220	929	1
375	9	929	1
1	220	929	1
1	9	929	1
424	220	930	1
564	220	930	1
50	57	931	1
50	1	931	1
250	57	931	1
250	1	931	1
17	19	932	1
17	664	932	1
533	19	932	1
533	664	932	1
19	533	933	1
664	533	933	1
54	9	934	1
54	421	934	1
501	9	934	1
501	421	934	1
859	860	935	1
859	1	935	1
860	859	936	1
860	229	937	1
860	6	937	1
5	229	937	1
5	6	937	1
59	229	937	1
59	6	937	1
189	33	938	1
189	37	938	1
33	189	939	1
37	189	939	1
2	8	940	1
2	9	940	1
2	240	940	1
523	8	940	1
523	9	940	1
523	240	940	1
59	8	940	1
59	9	940	1
59	240	940	1
523	240	941	1
523	1	941	1
662	663	942	1
662	5	942	1
662	59	942	1
6	663	942	1
6	5	942	1
6	59	942	1
1	663	942	1
1	5	942	1
1	59	942	1
130	87	944	1
235	23	945	1
235	5	945	1
235	59	945	1
6	23	945	1
6	5	945	1
6	59	945	1
1	23	945	1
1	5	945	1
1	59	945	1
189	23	946	1
189	11	946	1
189	5	946	1
189	59	946	1
6	23	946	1
6	11	946	1
6	5	946	1
6	59	946	1
23	189	947	1
880	901	948	1
99	139	949	1
99	176	949	1
119	139	949	1
119	176	949	1
381	420	950	1
381	22	950	1
23	420	950	1
23	22	950	1
420	381	951	1
22	381	951	1
420	23	951	1
22	23	951	1
2	8	952	1
2	390	952	1
384	8	952	1
384	390	952	1
8	384	953	1
390	384	953	1
264	230	954	1
885	625	955	1
885	5	955	1
885	59	955	1
6	625	955	1
6	5	955	1
6	59	955	1
625	885	956	1
578	409	957	1
578	9	957	1
1	409	957	1
1	9	957	1
450	315	958	1
450	8	958	1
650	453	959	1
650	11	959	1
650	5	959	1
650	59	959	1
6	453	959	1
6	11	959	1
6	5	959	1
6	59	959	1
526	650	960	1
2	8	961	1
2	247	961	1
319	8	961	1
319	247	961	1
8	319	962	1
247	319	962	1
2	8	963	1
2	246	963	1
500	8	963	1
500	246	963	1
411	134	964	1
411	70	964	1
1	134	964	1
1	70	964	1
2	8	965	1
2	425	965	1
415	8	965	1
415	425	965	1
60	79	966	1
60	64	966	1
72	79	966	1
72	64	966	1
508	694	967	1
508	24	967	1
7	694	967	1
7	24	967	1
694	508	968	1
505	671	969	1
505	22	969	1
23	671	969	1
23	22	969	1
671	505	970	1
22	505	970	1
671	23	970	1
22	23	970	1
366	506	971	1
366	22	971	1
23	506	971	1
23	22	971	1
506	366	972	1
22	366	972	1
506	23	972	1
22	23	972	1
783	407	973	1
783	9	973	1
1	407	973	1
1	9	973	1
329	535	974	1
329	13	974	1
329	24	974	1
1	535	974	1
1	13	974	1
1	24	974	1
7	535	974	1
7	13	974	1
7	24	974	1
2	8	975	1
2	912	975	1
911	8	975	1
911	912	975	1
8	911	976	1
912	911	976	1
534	302	977	1
534	5	977	1
534	59	977	1
6	302	977	1
6	5	977	1
6	59	977	1
1	302	977	1
1	5	977	1
1	59	977	1
534	302	978	1
534	4	978	1
534	59	978	1
3	302	978	1
3	4	978	1
3	59	978	1
1	302	978	1
1	4	978	1
1	59	978	1
495	886	979	1
886	495	980	1
8	20	981	1
54	20	981	1
20	21	982	1
20	11	982	1
20	4	982	1
20	59	982	1
10	21	982	1
10	11	982	1
10	4	982	1
10	59	982	1
3	21	982	1
3	11	982	1
3	4	982	1
3	59	982	1
779	283	983	1
779	20	983	1
202	150	984	1
202	22	984	1
23	150	984	1
23	22	984	1
150	202	985	1
22	202	985	1
150	23	985	1
22	23	985	1
638	88	986	1
638	149	986	1
89	88	986	1
89	149	986	1
88	638	987	1
149	638	987	1
88	89	987	1
149	89	987	1
850	851	988	1
850	6	988	1
5	851	988	1
5	6	988	1
59	851	988	1
59	6	988	1
791	792	989	1
791	638	989	1
88	792	989	1
88	638	989	1
792	791	990	1
638	791	990	1
792	88	990	1
638	88	990	1
17	19	991	1
17	837	991	1
371	19	991	1
371	837	991	1
17	19	992	1
17	458	992	1
504	19	992	1
504	458	992	1
19	504	993	1
458	504	993	1
386	83	994	1
386	33	994	1
386	13	994	1
1	83	994	1
1	33	994	1
1	13	994	1
698	881	995	1
698	19	995	1
17	881	995	1
17	19	995	1
881	698	996	1
19	698	996	1
801	491	997	1
17	19	998	1
17	656	998	1
560	19	998	1
560	656	998	1
19	560	999	1
656	560	999	1
734	561	1000	1
317	376	1002	1
317	9	1002	1
1	376	1002	1
1	9	1002	1
29	20	1003	1
54	20	1003	1
35	29	1004	1
35	9	1004	1
35	68	1004	1
33	29	1004	1
33	9	1004	1
33	68	1004	1
10	29	1004	1
10	9	1004	1
10	68	1004	1
29	33	1005	1
68	33	1005	1
525	250	1006	1
525	89	1006	1
250	525	1007	1
89	525	1007	1
641	95	1008	1
641	87	1008	1
1	95	1008	1
1	87	1008	1
596	517	1009	1
596	11	1009	1
517	596	1010	1
260	95	1011	1
260	66	1011	1
1	95	1011	1
1	66	1011	1
95	260	1012	1
66	260	1012	1
642	95	1013	1
642	26	1013	1
1	95	1013	1
1	26	1013	1
485	772	1014	1
485	24	1014	1
485	13	1014	1
7	772	1014	1
7	24	1014	1
7	13	1014	1
1	772	1014	1
1	24	1014	1
1	13	1014	1
838	28	1016	1
838	196	1016	1
1	28	1016	1
1	196	1016	1
20	63	1017	1
20	11	1017	1
20	734	1018	1
21	10	1019	1
21	28	1019	1
1	10	1019	1
1	28	1019	1
50	20	1020	1
50	13	1020	1
526	453	1021	1
358	195	1022	1
358	22	1022	1
23	195	1022	1
23	22	1022	1
195	358	1023	1
22	358	1023	1
195	23	1023	1
22	23	1023	1
673	195	1024	1
673	11	1024	1
673	4	1024	1
673	59	1024	1
3	195	1024	1
3	11	1024	1
3	4	1024	1
3	59	1024	1
195	673	1025	1
195	271	1026	1
195	11	1026	1
195	4	1026	1
195	59	1026	1
10	271	1026	1
10	11	1026	1
10	4	1026	1
10	59	1026	1
3	271	1026	1
3	11	1026	1
3	4	1026	1
3	59	1026	1
194	71	1027	1
194	448	1027	1
126	71	1027	1
126	448	1027	1
391	402	1029	1
391	4	1029	1
391	59	1029	1
3	402	1029	1
3	4	1029	1
3	59	1029	1
1	402	1029	1
1	4	1029	1
1	59	1029	1
852	853	1030	1
852	6	1030	1
5	853	1030	1
5	6	1030	1
59	853	1030	1
59	6	1030	1
156	217	1031	1
156	13	1031	1
1	217	1031	1
1	13	1031	1
344	270	1032	1
344	13	1032	1
1	270	1032	1
1	13	1032	1
243	324	1033	1
243	12	1033	1
243	6	1033	1
5	324	1033	1
5	12	1033	1
5	6	1033	1
59	324	1033	1
59	12	1033	1
59	6	1033	1
262	8	1034	1
262	317	1034	1
69	8	1034	1
69	317	1034	1
8	262	1035	1
317	262	1035	1
8	69	1035	1
317	69	1035	1
863	766	1036	1
863	3	1036	1
4	766	1036	1
4	3	1036	1
59	766	1036	1
59	3	1036	1
771	128	1037	1
771	13	1037	1
1	128	1037	1
1	13	1037	1
56	899	1038	1
56	6	1038	1
56	1	1038	1
5	899	1038	1
5	6	1038	1
5	1	1038	1
59	899	1038	1
59	6	1038	1
59	1	1038	1
7	899	1038	1
7	6	1038	1
7	1	1038	1
305	747	1039	1
305	24	1039	1
7	747	1039	1
7	24	1039	1
55	12	1040	1
55	34	1040	1
580	12	1040	1
580	34	1040	1
34	580	1041	1
34	138	1042	1
138	34	1043	1
424	893	1044	1
97	153	1045	1
153	97	1046	1
98	182	1047	1
98	9	1047	1
1	182	1047	1
1	9	1047	1
594	98	1048	1
463	723	1049	1
463	22	1049	1
1	723	1049	1
1	22	1049	1
600	782	1050	1
600	364	1050	1
600	1	1050	1
365	782	1050	1
365	364	1050	1
365	1	1050	1
7	782	1050	1
7	364	1050	1
7	1	1050	1
59	782	1050	1
59	364	1050	1
59	1	1050	1
782	600	1051	1
364	600	1051	1
782	365	1051	1
364	365	1051	1
782	602	1052	1
782	364	1052	1
782	1	1052	1
365	602	1052	1
365	364	1052	1
365	1	1052	1
7	602	1052	1
7	364	1052	1
7	1	1052	1
59	602	1052	1
59	364	1052	1
59	1	1052	1
602	782	1053	1
364	782	1053	1
602	365	1053	1
364	365	1053	1
2	8	1054	1
2	633	1054	1
72	8	1054	1
72	633	1054	1
8	72	1055	1
633	72	1055	1
335	705	1056	1
335	3	1056	1
59	705	1056	1
59	3	1056	1
4	705	1056	1
4	3	1056	1
3	18	1057	1
3	246	1057	1
1	18	1057	1
1	246	1057	1
613	490	1058	1
613	4	1058	1
613	59	1058	1
3	490	1058	1
3	4	1058	1
3	59	1058	1
1	490	1058	1
1	4	1058	1
1	59	1058	1
624	456	1059	1
2	8	1060	1
2	9	1060	1
2	904	1060	1
22	8	1060	1
22	9	1060	1
22	904	1060	1
468	8	1060	1
468	9	1060	1
468	904	1060	1
468	83	1061	1
468	22	1061	1
23	83	1061	1
23	22	1061	1
83	468	1062	1
22	468	1062	1
83	23	1062	1
22	23	1062	1
2	18	1063	1
2	12	1063	1
2	518	1063	1
196	18	1063	1
196	12	1063	1
196	518	1063	1
38	18	1063	1
38	12	1063	1
38	518	1063	1
18	196	1064	1
518	196	1064	1
18	38	1064	1
518	38	1064	1
197	418	1065	1
197	22	1065	1
23	418	1065	1
23	22	1065	1
418	197	1066	1
22	197	1066	1
418	23	1066	1
22	23	1066	1
100	51	1067	1
100	1	1067	1
24	51	1067	1
24	1	1067	1
78	310	1068	1
310	78	1069	1
741	676	1070	1
741	22	1070	1
691	474	1071	1
691	22	1071	1
321	20	1072	1
321	13	1072	1
398	414	1073	1
398	5	1073	1
398	59	1073	1
6	414	1073	1
6	5	1073	1
6	59	1073	1
414	398	1074	1
25	14	1075	1
25	317	1075	1
310	14	1075	1
310	317	1075	1
308	633	1076	1
308	9	1076	1
1	633	1076	1
1	9	1076	1
2	8	1077	1
2	308	1077	1
633	8	1077	1
633	308	1077	1
8	633	1078	1
308	633	1078	1
601	93	1079	1
601	590	1079	1
93	601	1080	1
590	601	1080	1
88	16	1081	1
88	22	1081	1
88	1	1081	1
88	9	1081	1
89	16	1081	1
89	22	1081	1
89	1	1081	1
89	9	1081	1
49	16	1081	1
49	22	1081	1
49	1	1081	1
49	9	1081	1
653	784	1082	1
299	670	1083	1
299	318	1083	1
299	24	1083	1
299	59	1083	1
7	670	1083	1
7	318	1083	1
7	24	1083	1
7	59	1083	1
670	299	1084	1
804	806	1085	1
39	806	1085	1
21	210	1086	1
201	210	1086	1
447	646	1087	1
447	6	1087	1
447	1	1087	1
5	646	1087	1
5	6	1087	1
5	1	1087	1
59	646	1087	1
59	6	1087	1
59	1	1087	1
7	646	1087	1
7	6	1087	1
7	1	1087	1
848	849	1088	1
848	364	1088	1
848	1	1088	1
365	849	1088	1
365	364	1088	1
365	1	1088	1
7	849	1088	1
7	364	1088	1
7	1	1088	1
59	849	1088	1
59	364	1088	1
59	1	1088	1
849	848	1089	1
364	848	1089	1
849	365	1089	1
364	365	1089	1
454	769	1090	1
454	19	1090	1
17	769	1090	1
17	19	1090	1
769	454	1091	1
19	454	1091	1
781	844	1092	1
781	6	1092	1
5	844	1092	1
5	6	1092	1
59	844	1092	1
59	6	1092	1
23	637	1093	1
23	11	1093	1
52	637	1093	1
52	11	1093	1
149	148	1094	1
149	89	1094	1
149	1	1094	1
9	148	1094	1
9	89	1094	1
9	1	1094	1
307	309	1095	1
307	5	1095	1
6	309	1095	1
6	5	1095	1
59	309	1095	1
59	5	1095	1
309	307	1096	1
60	79	1097	1
60	80	1097	1
184	79	1097	1
184	80	1097	1
225	313	1098	1
225	22	1098	1
23	313	1098	1
23	22	1098	1
313	225	1099	1
22	225	1099	1
313	23	1099	1
22	23	1099	1
518	93	1100	1
518	47	1100	1
93	518	1101	1
47	518	1101	1
537	93	1102	1
537	18	1102	1
93	537	1103	1
18	537	1103	1
113	93	1104	1
113	1	1104	1
93	113	1105	1
734	612	1106	1
734	20	1106	1
52	612	1106	1
52	20	1106	1
612	734	1107	1
20	734	1107	1
593	569	1108	1
593	1	1108	1
593	9	1108	1
839	569	1108	1
839	1	1108	1
839	9	1108	1
668	669	1109	1
668	59	1109	1
668	4	1109	1
3	669	1109	1
3	59	1109	1
3	4	1109	1
1	669	1109	1
1	59	1109	1
1	4	1109	1
140	26	1110	1
1	26	1110	1
247	319	1111	1
247	80	1111	1
184	319	1111	1
184	80	1111	1
31	37	1112	1
31	13	1112	1
31	24	1112	1
1	37	1112	1
1	13	1112	1
1	24	1112	1
7	37	1112	1
7	13	1112	1
7	24	1112	1
760	761	1113	1
760	4	1113	1
760	59	1113	1
3	761	1113	1
3	4	1113	1
3	59	1113	1
1	761	1113	1
1	4	1113	1
1	59	1113	1
761	760	1114	1
760	761	1115	1
760	5	1115	1
760	59	1115	1
6	761	1115	1
6	5	1115	1
6	59	1115	1
1	761	1115	1
1	5	1115	1
1	59	1115	1
761	760	1116	1
760	786	1117	1
760	1	1117	1
39	786	1117	1
39	1	1117	1
786	760	1118	1
760	868	1119	1
760	3	1119	1
4	868	1119	1
4	3	1119	1
59	868	1119	1
59	3	1119	1
868	760	1120	1
39	435	1121	1
39	452	1121	1
903	910	1122	1
903	20	1122	1
903	13	1122	1
1	910	1122	1
1	20	1122	1
1	13	1122	1
910	903	1123	1
20	903	1123	1
103	656	1124	1
103	19	1124	1
17	656	1124	1
17	19	1124	1
59	656	1124	1
59	19	1124	1
455	103	1125	1
455	4	1125	1
455	59	1125	1
1	103	1125	1
1	4	1125	1
1	59	1125	1
3	103	1125	1
3	4	1125	1
3	59	1125	1
737	738	1126	1
737	9	1126	1
1	738	1126	1
1	9	1126	1
737	736	1127	1
737	22	1127	1
23	736	1127	1
23	22	1127	1
736	737	1128	1
22	737	1128	1
736	23	1128	1
22	23	1128	1
825	831	1129	1
825	429	1129	1
39	831	1129	1
39	429	1129	1
831	825	1130	1
208	410	1131	1
208	12	1131	1
97	410	1131	1
97	12	1131	1
485	744	1132	1
485	24	1132	1
485	13	1132	1
7	744	1132	1
7	24	1132	1
7	13	1132	1
59	744	1132	1
59	24	1132	1
59	13	1132	1
831	829	1133	1
831	429	1133	1
39	829	1133	1
39	429	1133	1
829	831	1134	1
405	395	1135	1
405	364	1135	1
405	1	1135	1
365	395	1135	1
365	364	1135	1
365	1	1135	1
7	395	1135	1
7	364	1135	1
7	1	1135	1
59	395	1135	1
59	364	1135	1
59	1	1135	1
395	405	1136	1
364	405	1136	1
395	365	1136	1
364	365	1136	1
2	8	1137	1
2	9	1137	1
2	124	1137	1
181	8	1137	1
181	9	1137	1
181	124	1137	1
13	8	1137	1
13	9	1137	1
13	124	1137	1
8	571	1139	1
587	571	1139	1
22	571	1139	1
8	49	1139	1
587	49	1139	1
22	49	1139	1
203	237	1140	1
1	237	1140	1
237	203	1141	1
765	887	1142	1
765	145	1142	1
1	887	1142	1
1	145	1142	1
298	136	1143	1
136	298	1144	1
338	788	1145	1
338	1	1145	1
30	38	1146	1
30	165	1146	1
334	38	1146	1
334	165	1146	1
38	30	1147	1
165	30	1147	1
38	334	1147	1
165	334	1147	1
545	108	1148	1
545	1	1148	1
2	12	1149	1
2	680	1149	1
686	12	1149	1
686	680	1149	1
2	8	1151	1
2	685	1151	1
680	8	1151	1
680	685	1151	1
8	680	1152	1
685	680	1152	1
768	575	1153	1
768	5	1153	1
768	59	1153	1
6	575	1153	1
6	5	1153	1
6	59	1153	1
575	768	1154	1
24	7	1155	1
24	1	1155	1
2	8	1156	1
2	9	1156	1
2	30	1156	1
20	8	1156	1
20	9	1156	1
20	30	1156	1
181	8	1156	1
181	9	1156	1
181	30	1156	1
8	20	1157	1
30	20	1157	1
30	113	1158	1
469	30	1159	1
469	13	1159	1
1	30	1159	1
1	13	1159	1
633	177	1160	1
633	149	1160	1
89	177	1160	1
89	149	1160	1
177	633	1161	1
149	633	1161	1
177	89	1161	1
149	89	1161	1
732	803	1162	1
803	732	1163	1
803	733	1164	1
729	10	1165	1
729	730	1165	1
1	10	1165	1
1	730	1165	1
428	889	1166	1
428	3	1166	1
4	889	1166	1
4	3	1166	1
59	889	1166	1
59	3	1166	1
95	362	1167	1
362	95	1168	1
428	889	1169	1
428	6	1169	1
5	889	1169	1
5	6	1169	1
59	889	1169	1
59	6	1169	1
425	407	1170	1
425	8	1170	1
574	480	1171	1
574	1	1171	1
480	574	1172	1
327	528	1173	1
327	24	1173	1
7	528	1173	1
7	24	1173	1
326	529	1174	1
60	79	1175	1
60	379	1175	1
330	79	1175	1
330	379	1175	1
78	69	1176	1
69	78	1177	1
509	257	1178	1
509	4	1178	1
509	59	1178	1
3	257	1178	1
3	4	1178	1
3	59	1178	1
1	257	1178	1
1	4	1178	1
1	59	1178	1
60	79	1179	1
60	9	1179	1
60	273	1179	1
258	79	1179	1
258	9	1179	1
258	273	1179	1
10	79	1179	1
10	9	1179	1
10	273	1179	1
79	258	1180	1
273	258	1180	1
2	8	1181	1
2	9	1181	1
2	273	1181	1
258	8	1181	1
258	9	1181	1
258	273	1181	1
10	8	1181	1
10	9	1181	1
10	273	1181	1
8	258	1182	1
273	258	1182	1
35	29	1183	1
35	9	1183	1
35	273	1183	1
258	29	1183	1
258	9	1183	1
258	273	1183	1
10	29	1183	1
10	9	1183	1
10	273	1183	1
29	258	1184	1
273	258	1184	1
259	20	1185	1
259	13	1185	1
259	457	1185	1
1	20	1185	1
1	13	1185	1
1	457	1185	1
20	259	1186	1
457	259	1186	1
56	396	1187	1
56	22	1187	1
23	396	1187	1
23	22	1187	1
396	56	1188	1
22	56	1188	1
396	23	1188	1
22	23	1188	1
56	567	1189	1
56	22	1189	1
56	1	1189	1
23	567	1189	1
23	22	1189	1
23	1	1189	1
236	28	1190	1
236	56	1190	1
1	28	1190	1
1	56	1190	1
2	8	1192	1
2	397	1192	1
460	8	1192	1
460	397	1192	1
8	460	1193	1
397	460	1193	1
890	778	1194	1
39	778	1194	1
778	890	1195	1
511	396	1197	1
157	110	1198	1
90	110	1198	1
109	77	1199	1
109	360	1199	1
108	77	1199	1
108	360	1199	1
1	77	1199	1
1	360	1199	1
360	109	1200	1
360	108	1200	1
109	238	1201	1
31	109	1202	1
31	13	1202	1
31	11	1202	1
31	4	1202	1
31	59	1202	1
77	109	1202	1
77	13	1202	1
77	11	1202	1
77	4	1202	1
77	59	1202	1
3	109	1202	1
3	13	1202	1
3	11	1202	1
3	4	1202	1
3	59	1202	1
109	31	1203	1
109	240	1204	1
109	5	1204	1
6	240	1204	1
6	5	1204	1
240	109	1205	1
688	687	1206	1
688	13	1206	1
688	20	1206	1
1	687	1206	1
1	13	1206	1
1	20	1206	1
687	688	1207	1
20	688	1207	1
373	688	1208	1
373	28	1208	1
681	688	1208	1
681	28	1208	1
688	373	1209	1
28	373	1209	1
688	681	1209	1
28	681	1209	1
689	688	1210	1
689	9	1210	1
681	688	1210	1
681	9	1210	1
688	689	1211	1
688	681	1211	1
386	688	1212	1
386	33	1212	1
681	688	1212	1
681	33	1212	1
688	386	1213	1
33	386	1213	1
688	681	1213	1
33	681	1213	1
569	166	1214	1
569	593	1214	1
746	28	1215	1
746	13	1215	1
1	28	1215	1
1	13	1215	1
29	110	1216	1
29	9	1216	1
1	110	1216	1
1	9	1216	1
152	77	1217	1
152	571	1217	1
538	77	1217	1
538	571	1217	1
571	152	1218	1
571	538	1218	1
2	8	1219	1
2	9	1219	1
2	39	1219	1
311	8	1219	1
311	9	1219	1
311	39	1219	1
31	8	1219	1
31	9	1219	1
31	39	1219	1
39	435	1220	1
39	22	1220	1
1	435	1220	1
1	22	1220	1
552	416	1221	1
176	300	1222	1
300	176	1223	1
176	633	1224	1
633	176	1225	1
715	716	1226	1
715	44	1226	1
1	716	1226	1
1	44	1226	1
716	743	1227	1
743	716	1228	1
264	230	1229	1
2	8	1230	1
2	9	1230	1
2	230	1230	1
349	8	1230	1
349	9	1230	1
349	230	1230	1
22	8	1230	1
22	9	1230	1
22	230	1230	1
2	8	1231	1
2	398	1231	1
145	8	1231	1
145	398	1231	1
8	145	1232	1
398	145	1232	1
173	145	1233	1
145	173	1234	1
25	78	1235	1
25	40	1235	1
241	78	1235	1
241	40	1235	1
78	25	1236	1
40	25	1236	1
78	241	1236	1
40	241	1236	1
871	872	1237	1
871	4	1237	1
871	59	1237	1
3	872	1237	1
3	4	1237	1
3	59	1237	1
1	872	1237	1
1	4	1237	1
1	59	1237	1
871	870	1238	1
263	293	1239	1
263	65	1239	1
1	293	1239	1
1	65	1239	1
57	200	1240	1
57	22	1240	1
23	200	1240	1
23	22	1240	1
355	481	1241	1
355	1	1241	1
481	355	1242	1
591	355	1243	1
591	9	1243	1
2	8	1244	1
2	290	1244	1
86	8	1244	1
86	290	1244	1
549	399	1245	1
549	9	1245	1
1	399	1245	1
1	9	1245	1
540	112	1246	1
211	580	1247	1
580	211	1248	1
131	26	1249	1
1	26	1249	1
2	8	1250	1
2	431	1250	1
430	8	1250	1
430	431	1250	1
8	430	1251	1
431	430	1251	1
254	184	1252	1
254	13	1252	1
1	184	1252	1
1	13	1252	1
383	183	1253	1
383	90	1253	1
12	183	1253	1
12	90	1253	1
183	383	1254	1
90	383	1254	1
2	18	1255	1
2	599	1255	1
426	18	1255	1
426	599	1255	1
18	426	1256	1
599	426	1256	1
604	172	1257	1
604	426	1257	1
172	604	1258	1
426	604	1258	1
565	427	1259	1
427	565	1260	1
2	8	1261	1
2	777	1261	1
407	8	1261	1
407	777	1261	1
8	407	1262	1
777	407	1262	1
389	125	1263	1
389	869	1263	1
444	125	1263	1
444	869	1263	1
125	389	1264	1
869	389	1264	1
125	444	1264	1
869	444	1264	1
2	8	1265	1
2	635	1265	1
633	8	1265	1
633	635	1265	1
2	9	1266	1
2	12	1266	1
2	683	1266	1
632	9	1266	1
632	12	1266	1
632	683	1266	1
1	9	1266	1
1	12	1266	1
1	683	1266	1
683	632	1267	1
55	14	1268	1
55	209	1268	1
64	14	1268	1
64	209	1268	1
14	64	1269	1
209	64	1269	1
638	177	1270	1
638	64	1270	1
89	177	1270	1
89	64	1270	1
177	638	1271	1
64	638	1271	1
177	89	1271	1
64	89	1271	1
787	793	1272	1
1	793	1272	1
69	414	1273	1
69	5	1273	1
69	59	1273	1
6	414	1273	1
6	5	1273	1
6	59	1273	1
414	69	1274	1
55	14	1275	1
55	43	1275	1
254	14	1275	1
254	43	1275	1
14	254	1276	1
43	254	1276	1
35	29	1277	1
35	43	1277	1
254	29	1277	1
254	43	1277	1
29	254	1278	1
43	254	1278	1
85	43	1279	1
85	9	1279	1
1	43	1279	1
1	9	1279	1
2	8	1280	1
2	85	1280	1
43	8	1280	1
43	85	1280	1
8	43	1281	1
85	43	1281	1
2	8	1282	1
2	43	1282	1
254	8	1282	1
254	43	1282	1
8	254	1283	1
43	254	1283	1
