1	2
3	4
6	7
8	9
19	20
26	27
31	32
41	42
52	53
56	57
59	60
67	68
69	70
72	73
76	77
81	82
85	86
89	90
91	92
94	95
98	99
106	107
108	109
115	116
118	119
120	121
123	124
125	126
132	133
134	135
136	137
141	142
143	144
145	146
147	148
150	151
155	156
162	163
164	165
168	169
175	176
180	181
183	184
190	191
192	193
196	197
198	199
202	203
207	208
213	214
215	216
220	221
222	223
227	228
229	230
241	242
248	249
250	251
254	255
266	267
268	269
273	274
276	277
281	282
284	285
288	289
290	291
293	294
306	307
310	311
312	313
314	315
316	317
318	319
320	321
322	323
324	325
328	329
330	331
332	333
334	335
336	337
338	339
340	341
342	343
344	345
346	347
348	349
350	351
352	353
355	356
367	368
372	373
377	378
380	381
382	383
385	386
387	388
390	391
392	393
397	398
401	402
403	404
405	406
408	409
413	414
418	419
423	424
427	428
429	430
433	434
435	436
437	438
439	440
441	442
443	444
446	447
449	450
455	456
458	459
464	465
467	468
470	471
475	476
481	482
486	487
490	491
495	496
498	499
500	501
503	504
505	506
507	508
509	510
517	518
529	530
531	532
536	537
542	543
548	549
551	552
555	556
561	562
564	565
566	567
570	571
573	574
581	582
590	591
595	596
600	601
602	603
606	607
609	610
611	612
614	615
616	617
619	620
622	623
626	627
628	629
635	636
637	638
640	641
643	644
645	646
652	653
654	655
657	658
661	662
663	664
668	669
671	672
674	675
677	678
679	680
686	687
689	690
698	699
700	701
702	703
704	705
707	708
709	710
715	716
717	718
720	721
723	724
725	726
736	737
738	739
741	742
747	748
749	750
751	752
754	755
756	757
761	762
764	765
767	768
769	770
778	779
781	782
784	785
794	795
797	798
803	804
808	809
814	815
818	819
823	824
830	831
832	833
838	839
840	841
842	843
845	846
849	850
852	853
854	855
857	858
862	863
864	865
866	867
868	869
870	871
874	875
878	879
881	882
883	884
886	887
896	897
898	899
900	901
905	906
907	908
909	910
914	915
916	917
919	920
923	924
930	931
935	936
937	938
941	942
943	944
945	946
949	950
951	952
959	960
963	964
968	969
972	973
974	975
976	977
978	979
983	984
987	988
989	990
991	992
993	994
995	996
997	998
999	1000
1003	1004
1011	1012
1013	1014
1018	1019
1022	1023
1024	1025
1027	1028
1029	1030
1031	1032
1036	1037
1040	1041
1045	1046
1047	1048
1049	1050
1051	1052
1054	1055
1056	1057
1058	1059
1060	1061
1062	1063
1065	1066
1067	1068
1070	1071
1072	1073
1074	1075
1076	1077
1078	1079
1082	1083
1084	1085
1086	1087
1091	1092
1093	1094
1098	1099
1102	1103
1104	1105
1106	1107
1110	1111
1112	1113
1116	1117
1121	1122
1134	1135
1141	1142
1144	1145
1150	1151
1155	1156
1162	1163
1166	1167
1170	1171
1174	1175
1176	1177
1178	1179
1181	1182
1183	1184
1188	1189
1195	1196
1200	1201
1207	1208
1216	1217
1218	1219
1220	1221
1227	1228
1230	1231
1234	1235
1236	1237
1238	1239
1240	1241
1246	1247
1251	1252
1254	1255
1264	1265
1266	1267
1268	1269
1271	1272
1275	1276
1277	1278
1279	1280
1281	1282
1284	1285
1286	1287
1294	1295
1296	1297
1298	1299
1301	1302
1303	1304
1305	1306
1307	1308
1309	1310
1311	1312
1313	1314
1318	1319
1321	1322
1325	1326
1327	1328
1329	1330
1332	1333
1338	1339
1340	1341
1345	1346
1347	1348
1349	1350
1352	1353
1354	1355
1357	1358
1359	1360
1361	1362
1363	1364
1365	1366
1369	1370
1371	1372
1373	1374
1375	1376
1387	1388
1389	1390
1394	1395
1404	1405
1406	1407
1409	1410
1413	1414
1416	1417
1418	1419
1420	1421
1422	1423
1424	1425
1426	1427
1428	1429
1430	1431
1432	1433
1434	1435
1436	1437
1438	1439
1440	1441
1442	1443
1444	1445
1449	1450
1452	1453
1454	1455
1456	1457
1458	1459
1460	1461
1462	1463
1464	1465
1470	1471
1472	1473
1474	1475
1484	1485
1486	1487
1489	1490
1499	1500
1501	1502
1503	1504
1505	1506
1508	1509
1510	1511
1512	1513
1514	1515
1523	1524
1525	1526
1527	1528
1529	1530
1533	1534
1539	1540
1543	1544
1546	1547
1548	1549
1552	1553
1554	1555
1556	1557
1570	1571
1575	1576
1577	1578
1585	1586
1587	1588
1589	1590
1591	1592
1593	1594
1595	1596
1600	1601
1602	1603
1605	1606
1618	1619
1620	1621
1624	1625
1626	1627
1634	1635
1636	1637
1638	1639
1640	1641
1642	1643
1644	1645
1646	1647
1648	1649
1650	1651
1652	1653
1654	1655
1656	1657
1658	1659
1660	1661
1663	1664
1665	1666
1671	1672
1673	1674
1676	1677
1678	1679
1683	1684
1685	1686
1699	1700
1701	1702
1703	1704
1705	1706
1707	1708
1709	1710
1714	1715
1716	1717
1721	1722
1723	1724
1728	1729
1730	1731
1734	1735
1737	1738
1741	1742
1743	1744
1746	1747
1749	1750
1751	1752
1753	1754
1757	1758
1759	1760
1762	1763
1765	1766
1773	1774
1775	1776
1781	1782
1784	1785
1786	1787
1789	1790
1791	1792
1794	1795
1796	1797
1805	1806
1807	1808
1814	1815
1827	1828
1829	1830
1831	1832
1833	1834
1835	1836
1837	1838
1840	1841
1842	1843
1845	1846
1851	1852
1854	1855
1858	1859
1860	1861
1867	1868
1869	1870
1871	1872
1876	1877
1880	1881
1885	1886
1889	1890
1891	1892
1896	1897
1898	1899
1902	1903
1904	1905
1909	1910
1911	1912
1913	1914
1915	1916
1919	1920
1921	1922
1925	1926
1927	1928
1931	1932
1934	1935
1936	1937
1938	1939
1940	1941
1944	1945
1946	1947
1949	1950
1954	1955
1957	1958
1960	1961
1965	1966
1968	1969
1970	1971
1972	1973
1974	1975
1976	1977
1978	1979
1983	1984
1990	1991
1998	1999
2005	2006
2007	2008
2012	2013
2017	2018
2019	2020
2023	2024
2025	2026
2027	2028
2031	2032
2033	2034
2035	2036
2037	2038
2042	2043
2047	2048
2058	2059
2061	2062
2063	2064
2068	2069
2070	2071
2072	2073
2075	2076
2077	2078
2080	2081
2082	2083
2086	2087
2089	2090
2091	2092
2097	2098
2100	2101
2102	2103
2110	2111
2112	2113
2114	2115
2121	2122
2135	2136
2138	2139
2145	2146
2147	2148
2149	2150
2151	2152
2154	2155
2161	2162
2163	2164
2165	2166
2167	2168
2170	2171
2172	2173
2174	2175
2178	2179
2180	2181
2182	2183
2184	2185
2188	2189
2190	2191
2192	2193
2200	2201
2211	2212
2216	2217
2219	2220
2221	2222
2223	2224
2227	2228
2229	2230
2231	2232
2233	2234
2235	2236
2237	2238
2241	2242
2245	2246
2248	2249
2250	2251
2253	2254
2255	2256
2259	2260
2264	2265
2268	2269
2271	2272
2273	2274
2275	2276
2279	2280
2281	2282
2283	2284
2286	2287
2289	2290
2291	2292
2293	2294
2295	2296
2298	2299
2317	2318
2326	2327
2330	2331
2332	2333
2334	2335
2338	2339
2344	2345
2346	2347
2352	2353
2357	2358
2364	2365
2384	2385
2388	2389
2391	2392
2393	2394
2401	2402
2404	2405
2407	2408
2409	2410
2411	2412
2413	2414
2423	2424
2426	2427
2428	2429
2436	2437
2438	2439
2440	2441
2442	2443
2444	2445
2446	2447
2448	2449
2452	2453
2456	2457
2459	2460
2461	2462
2463	2464
2465	2466
2467	2468
2469	2470
2474	2475
2476	2477
2478	2479
2486	2487
2488	2489
2490	2491
2492	2493
2495	2496
2500	2501
2503	2504
2505	2506
2507	2508
2509	2510
2515	2516
2520	2521
2522	2523
2530	2531
2534	2535
2542	2543
2547	2548
2554	2555
2556	2557
2558	2559
2562	2563
2564	2565
2568	2569
2574	2575
2576	2577
2580	2581
2587	2588
2590	2591
2592	2593
2594	2595
2596	2597
2600	2601
2604	2605
2606	2607
2608	2609
2610	2611
2615	2616
2617	2618
2619	2620
2621	2622
2626	2627
2628	2629
2630	2631
2636	2637
2638	2639
2641	2642
2648	2649
2658	2659
2661	2662
2663	2664
2666	2667
2673	2674
2680	2681
2691	2692
2694	2695
2696	2697
2698	2699
2702	2703
2704	2705
2706	2707
2711	2712
2713	2714
2715	2716
2717	2718
2732	2733
2735	2736
2738	2739
2740	2741
2744	2745
2746	2747
2748	2749
2753	2754
2757	2758
2759	2760
2762	2763
2772	2773
2775	2776
2781	2782
2783	2784
2785	2786
2787	2788
2789	2790
2800	2801
2803	2804
2806	2807
2820	2821
2826	2827
2829	2830
2832	2833
2835	2836
2846	2847
2850	2851
2863	2864
2868	2869
2873	2874
2878	2879
2880	2881
2883	2884
2885	2886
2889	2890
2891	2892
2893	2894
2896	2897
2898	2899
2900	2901
2902	2903
2904	2905
2920	2921
2922	2923
2924	2925
2930	2931
2936	2937
2949	2950
2951	2952
2953	2954
2956	2957
2958	2959
2962	2963
2965	2966
2972	2973
2975	2976
2980	2981
2982	2983
2984	2985
2987	2988
2991	2992
2993	2994
2995	2996
2997	2998
2999	3000
3006	3007
3019	3020
3022	3023
3025	3026
3029	3030
3031	3032
3036	3037
3040	3041
3045	3046
3047	3048
3050	3051
3054	3055
3062	3063
3064	3065
3067	3068
3070	3071
3072	3073
3078	3079
3080	3081
3083	3084
3090	3091
3092	3093
3094	3095
3112	3113
3114	3115
3119	3120
3123	3124
3127	3128
3131	3132
3133	3134
3135	3136
3138	3139
3144	3145
3156	3157
3158	3159
3166	3167
3168	3169
3176	3177
3178	3179
3180	3181
3183	3184
3186	3187
3190	3191
3194	3195
3198	3199
3201	3202
3203	3204
3206	3207
3209	3210
3211	3212
3214	3215
3216	3217
3219	3220
3222	3223
3224	3225
3229	3230
3231	3232
3237	3238
3239	3240
3246	3247
3248	3249
3250	3251
3252	3253
3254	3255
3257	3258
3262	3263
3265	3266
3267	3268
3269	3270
3271	3272
3274	3275
3276	3277
3278	3279
3282	3283
3284	3285
3286	3287
3288	3289
3290	3291
3292	3293
3305	3306
3315	3316
3317	3318
3322	3323
3324	3325
3326	3327
3328	3329
3330	3331
3334	3335
3337	3338
3339	3340
3341	3342
3345	3346
3348	3349
3353	3354
3355	3356
3358	3359
3364	3365
3366	3367
3369	3370
3376	3377
3379	3380
3382	3383
3385	3386
3387	3388
3390	3391
3392	3393
3394	3395
3396	3397
3399	3400
3401	3402
3403	3404
3405	3406
3409	3410
3414	3415
3417	3418
3422	3423
3425	3426
3427	3428
3429	3430
3432	3433
3434	3435
3438	3439
3440	3441
3442	3443
3445	3446
3451	3452
3455	3456
3458	3459
3463	3464
3471	3472
3474	3475
3476	3477
3478	3479
3480	3481
3483	3484
3486	3487
3490	3491
3505	3506
3507	3508
3518	3519
3522	3523
3526	3527
3528	3529
3531	3532
3533	3534
3535	3536
3537	3538
3546	3547
3552	3553
3555	3556
3561	3562
3563	3564
3565	3566
3567	3568
3569	3570
3571	3572
3574	3575
3577	3578
3587	3588
3590	3591
3592	3593
3594	3595
3597	3598
3601	3602
3603	3604
3605	3606
3607	3608
3609	3610
3611	3612
3613	3614
3620	3621
3625	3626
3628	3629
3632	3633
3634	3635
3636	3637
3640	3641
3642	3643
3645	3646
3647	3648
3649	3650
3660	3661
3663	3664
3665	3666
3668	3669
3678	3679
3681	3682
3683	3684
3687	3688
3689	3690
3691	3692
3693	3694
3695	3696
3697	3698
3702	3703
3704	3705
3707	3708
3714	3715
3716	3717
3718	3719
3720	3721
3722	3723
3724	3725
3726	3727
3728	3729
3730	3731
3743	3744
3754	3755
3757	3758
3759	3760
3763	3764
3765	3766
3767	3768
3769	3770
3774	3775
3777	3778
3779	3780
3781	3782
3783	3784
3785	3786
3787	3788
3789	3790
3791	3792
3793	3794
3795	3796
3799	3800
3802	3803
3804	3805
3806	3807
3809	3810
3813	3814
3828	3829
3840	3841
3843	3844
3848	3849
3853	3854
3855	3856
3857	3858
3861	3862
3865	3866
3868	3869
3873	3874
3875	3876
3877	3878
3879	3880
3881	3882
3883	3884
3887	3888
3889	3890
3891	3892
3896	3897
3898	3899
3902	3903
3905	3906
3917	3918
3919	3920
3924	3925
3927	3928
3929	3930
3931	3932
3933	3934
3936	3937
3938	3939
3943	3944
3945	3946
3950	3951
3954	3955
3957	3958
3959	3960
3965	3966
3968	3969
3973	3974
3975	3976
3977	3978
3979	3980
3981	3982
3984	3985
3987	3988
3990	3991
3993	3994
3996	3997
3998	3999
4001	4002
4003	4004
4006	4007
4008	4009
4012	4013
4014	4015
4016	4017
4019	4020
4021	4022
4023	4024
4025	4026
4030	4031
4032	4033
4036	4037
4039	4040
4041	4042
4043	4044
4045	4046
4047	4048
4054	4055
4058	4059
4060	4061
4062	4063
4065	4066
4068	4069
4070	4071
4072	4073
4076	4077
4080	4081
4082	4083
4085	4086
4089	4090
4092	4093
4094	4095
4099	4100
4101	4102
4109	4110
4113	4114
4117	4118
4120	4121
4122	4123
4124	4125
4126	4127
4128	4129
4132	4133
4134	4135
4139	4140
4141	4142
4144	4145
4148	4149
4150	4151
4152	4153
4154	4155
4157	4158
4159	4160
4161	4162
4163	4164
4165	4166
4174	4175
4178	4179
4181	4182
4185	4186
4189	4190
4191	4192
4194	4195
4200	4201
4202	4203
4204	4205
4210	4211
4212	4213
4214	4215
4217	4218
4219	4220
4221	4222
4223	4224
4225	4226
4230	4231
4233	4234
4235	4236
4238	4239
4249	4250
4251	4252
4255	4256
4258	4259
4260	4261
4262	4263
4264	4265
4266	4267
4272	4273
4275	4276
4280	4281
4288	4289
4291	4292
4294	4295
4299	4300
4302	4303
4304	4305
4306	4307
4312	4313
4323	4324
4329	4330
4332	4333
4336	4337
4346	4347
4348	4349
4357	4358
4359	4360
4367	4368
4369	4370
4371	4372
4383	4384
4390	4391
4398	4399
4403	4404
4407	4408
4409	4410
4416	4417
4419	4420
4422	4423
4425	4426
4427	4428
4430	4431
4433	4434
4437	4438
4439	4440
4444	4445
4447	4448
4449	4450
4451	4452
4453	4454
4456	4457
4459	4460
4464	4465
4469	4470
4472	4473
4474	4475
4477	4478
4482	4483
4486	4487
4493	4494
4497	4498
4501	4502
4504	4505
4507	4508
4515	4516
4518	4519
4522	4523
4524	4525
4526	4527
4528	4529
4530	4531
4532	4533
4534	4535
4540	4541
4542	4543
4544	4545
4546	4547
4551	4552
4553	4554
4558	4559
4561	4562
4564	4565
4566	4567
4574	4575
4576	4577
4583	4584
4587	4588
4589	4590
4591	4592
4594	4595
4597	4598
4605	4606
4633	4634
4639	4640
4646	4647
4648	4649
4651	4652
4654	4655
4656	4657
4658	4659
4660	4661
4662	4663
4665	4666
4669	4670
4672	4673
4674	4675
4677	4678
4679	4680
4682	4683
4685	4686
4693	4694
4697	4698
4699	4700
4707	4708
4710	4711
4712	4713
4715	4716
4718	4719
4720	4721
4730	4731
4743	4744
4747	4748
4750	4751
4754	4755
4756	4757
4759	4760
4761	4762
4763	4764
4765	4766
4767	4768
4769	4770
4773	4774
4775	4776
4777	4778
4783	4784
4785	4786
4788	4789
4790	4791
4794	4795
4796	4797
4799	4800
4801	4802
4803	4804
4805	4806
4809	4810
4811	4812
4818	4819
4824	4825
4827	4828
4830	4831
4835	4836
4838	4839
4840	4841
4843	4844
4845	4846
4851	4852
4853	4854
4856	4857
4867	4868
4869	4870
4873	4874
4878	4879
4880	4881
4887	4888
4889	4890
4892	4893
4894	4895
4896	4897
4899	4900
4903	4904
4906	4907
4908	4909
4912	4913
4915	4916
4918	4919
4922	4923
4929	4930
4934	4935
4936	4937
4940	4941
4942	4943
4951	4952
4953	4954
4958	4959
4964	4965
4966	4967
4968	4969
4971	4972
4973	4974
4979	4980
4981	4982
4983	4984
4989	4990
4996	4997
4999	5000
5001	5002
5006	5007
5011	5012
5013	5014
5015	5016
5018	5019
5021	5022
5028	5029
5031	5032
5035	5036
5043	5044
5047	5048
5049	5050
5054	5055
5058	5059
5060	5061
5066	5067
5069	5070
5074	5075
5078	5079
5081	5082
5087	5088
5091	5092
5104	5105
5106	5107
5108	5109
5110	5111
5112	5113
5114	5115
5116	5117
5118	5119
5121	5122
5127	5128
5130	5131
5132	5133
5135	5136
5137	5138
5140	5141
5142	5143
5144	5145
5147	5148
5149	5150
5151	5152
5156	5157
5160	5161
5168	5169
5171	5172
5175	5176
5188	5189
5193	5194
5195	5196
5197	5198
5202	5203
5209	5210
5211	5212
5213	5214
5216	5217
5218	5219
5220	5221
5229	5230
5232	5233
5235	5236
5239	5240
5241	5242
5248	5249
5251	5252
5253	5254
5255	5256
5257	5258
5259	5260
5262	5263
5264	5265
5268	5269
5273	5274
5276	5277
5280	5281
5283	5284
5288	5289
5292	5293
5294	5295
5300	5301
5302	5303
5304	5305
5307	5308
5312	5313
5314	5315
5316	5317
5318	5319
5320	5321
5322	5323
5325	5326
5327	5328
5331	5332
5333	5334
5335	5336
5337	5338
5341	5342
5345	5346
5348	5349
5352	5353
5366	5367
5372	5373
5375	5376
5377	5378
5385	5386
5388	5389
5393	5394
5396	5397
5398	5399
5401	5402
5404	5405
5407	5408
5410	5411
5419	5420
5422	5423
5426	5427
5429	5430
5432	5433
5434	5435
5438	5439
5440	5441
5442	5443
5444	5445
5446	5447
5448	5449
5450	5451
5453	5454
5458	5459
5471	5472
5475	5476
5487	5488
5490	5491
5501	5502
5504	5505
5506	5507
5512	5513
5527	5528
5529	5530
5531	5532
5534	5535
5536	5537
5539	5540
5542	5543
5545	5546
5548	5549
5551	5552
5557	5558
5559	5560
5561	5562
5569	5570
5573	5574
5575	5576
5595	5596
5597	5598
5604	5605
5610	5611
5612	5613
5614	5615
5616	5617
5621	5622
5626	5627
5628	5629
5631	5632
5653	5654
5656	5657
5659	5660
5662	5663
5666	5667
5668	5669
5670	5671
5672	5673
5674	5675
5677	5678
5679	5680
5681	5682
5689	5690
5694	5695
5698	5699
5700	5701
5704	5705
5706	5707
5722	5723
5726	5727
5729	5730
5731	5732
5735	5736
5738	5739
5742	5743
5744	5745
5746	5747
5748	5749
5750	5751
5757	5758
5762	5763
5764	5765
5767	5768
5769	5770
5775	5776
5778	5779
5780	5781
5782	5783
5784	5785
5790	5791
5793	5794
5795	5796
5797	5798
5800	5801
5802	5803
5806	5807
5814	5815
5817	5818
5819	5820
5821	5822
5823	5824
5825	5826
5828	5829
5832	5833
5835	5836
5839	5840
5841	5842
5846	5847
5854	5855
5858	5859
5861	5862
5867	5868
5872	5873
5878	5879
5880	5881
5885	5886
5890	5891
5892	5893
5898	5899
5902	5903
5906	5907
5908	5909
5912	5913
5915	5916
5917	5918
5922	5923
5924	5925
5927	5928
5929	5930
5935	5936
5942	5943
5944	5945
5946	5947
5948	5949
5950	5951
5953	5954
5956	5957
5962	5963
5968	5969
5977	5978
5979	5980
5984	5985
5986	5987
5998	5999
6000	6001
6003	6004
6007	6008
6011	6012
6015	6016
6017	6018
6022	6023
6024	6025
6026	6027
6034	6035
6036	6037
6038	6039
6040	6041
6042	6043
6047	6048
6049	6050
6053	6054
6055	6056
6058	6059
6062	6063
6064	6065
6069	6070
6071	6072
6077	6078
6085	6086
6087	6088
6089	6090
6091	6092
6094	6095
6096	6097
6101	6102
6103	6104
6105	6106
6107	6108
6111	6112
6115	6116
6117	6118
6119	6120
6121	6122
6131	6132
6135	6136
6141	6142
6143	6144
6147	6148
6149	6150
6159	6160
6163	6164
6167	6168
6170	6171
6175	6176
6179	6180
6181	6182
6183	6184
6186	6187
6188	6189
6190	6191
6192	6193
6197	6198
6200	6201
6202	6203
6204	6205
6206	6207
6212	6213
6214	6215
6216	6217
6220	6221
6222	6223
6224	6225
6228	6229
6233	6234
6236	6237
6241	6242
6243	6244
6246	6247
6250	6251
6252	6253
6254	6255
6261	6262
6263	6264
6269	6270
6271	6272
6273	6274
6276	6277
6279	6280
6281	6282
6284	6285
6288	6289
6291	6292
6294	6295
6296	6297
6300	6301
6305	6306
6307	6308
6309	6310
6314	6315
6320	6321
6322	6323
6329	6330
6332	6333
6335	6336
6338	6339
6340	6341
6345	6346
6347	6348
6349	6350
6354	6355
6356	6357
6358	6359
6360	6361
6365	6366
6369	6370
6371	6372
6373	6374
6375	6376
6380	6381
6382	6383
6390	6391
6392	6393
6394	6395
6397	6398
6399	6400
6403	6404
6405	6406
6407	6408
6410	6411
6412	6413
6417	6418
6420	6421
6426	6427
6434	6435
6439	6440
6441	6442
6444	6445
6449	6450
6451	6452
6453	6454
6456	6457
6458	6459
6461	6462
6468	6469
6471	6472
6479	6480
6481	6482
6484	6485
6492	6493
6494	6495
6497	6498
6502	6503
6506	6507
6508	6509
6511	6512
6513	6514
6515	6516
6520	6521
6523	6524
6525	6526
6528	6529
6530	6531
6533	6534
6536	6537
6542	6543
6545	6546
6555	6556
6560	6561
6573	6574
6575	6576
6578	6579
6581	6582
6584	6585
6587	6588
6590	6591
6593	6594
6596	6597
6599	6600
6601	6602
6604	6605
6606	6607
6609	6610
6614	6615
6616	6617
6618	6619
6620	6621
6623	6624
6626	6627
6631	6632
6637	6638
6639	6640
6648	6649
6653	6654
6656	6657
6661	6662
6667	6668
6672	6673
6675	6676
6685	6686
6692	6693
6694	6695
6698	6699
6700	6701
6702	6703
6705	6706
6708	6709
6710	6711
6713	6714
6720	6721
6723	6724
6725	6726
6728	6729
6730	6731
6734	6735
6736	6737
6738	6739
6740	6741
6742	6743
6746	6747
6748	6749
6753	6754
6756	6757
6762	6763
6764	6765
6770	6771
6772	6773
6775	6776
6778	6779
6780	6781
6784	6785
6789	6790
6795	6796
6797	6798
6803	6804
6805	6806
6807	6808
6809	6810
6813	6814
6816	6817
6820	6821
6824	6825
6827	6828
6831	6832
6833	6834
6835	6836
6837	6838
6839	6840
6841	6842
6843	6844
6845	6846
6847	6848
6849	6850
6851	6852
6853	6854
6855	6856
6857	6858
6859	6860
6861	6862
6863	6864
6865	6866
6869	6870
6871	6872
6873	6874
6875	6876
6877	6878
6879	6880
6881	6882
6889	6890
6892	6893
6894	6895
6897	6898
6904	6905
6909	6910
6915	6916
6920	6921
6923	6924
6925	6926
6927	6928
6929	6930
6932	6933
6935	6936
6937	6938
6939	6940
6941	6942
6945	6946
6948	6949
6950	6951
6952	6953
6954	6955
6956	6957
6959	6960
6961	6962
6964	6965
6967	6968
6969	6970
6971	6972
6978	6979
6980	6981
6982	6983
6984	6985
6986	6987
6988	6989
6990	6991
6993	6994
6995	6996
6998	6999
7001	7002
7004	7005
7006	7007
7009	7010
7011	7012
7014	7015
7016	7017
7018	7019
7020	7021
7033	7034
7035	7036
7042	7043
7046	7047
7048	7049
7051	7052
7053	7054
7057	7058
7059	7060
7065	7066
7067	7068
7069	7070
7073	7074
7075	7076
7081	7082
7084	7085
7088	7089
7091	7092
7093	7094
7095	7096
7097	7098
7103	7104
7106	7107
7112	7113
7116	7117
7118	7119
7123	7124
7125	7126
7147	7148
7150	7151
7152	7153
7154	7155
7157	7158
7164	7165
7170	7171
7174	7175
7178	7179
7183	7184
7189	7190
7192	7193
7194	7195
7198	7199
7200	7201
7216	7217
7218	7219
7223	7224
7226	7227
7228	7229
7232	7233
7235	7236
7237	7238
7242	7243
7244	7245
7247	7248
7252	7253
7255	7256
7257	7258
7259	7260
7261	7262
7263	7264
7266	7267
7268	7269
7270	7271
7272	7273
7274	7275
7279	7280
7281	7282
7284	7285
7287	7288
7290	7291
7293	7294
7295	7296
7297	7298
7299	7300
7301	7302
7306	7307
7308	7309
7310	7311
7312	7313
7316	7317
7319	7320
7325	7326
7327	7328
7330	7331
7332	7333
7338	7339
7344	7345
7347	7348
7351	7352
7354	7355
7357	7358
7364	7365
7368	7369
7373	7374
7379	7380
7382	7383
7384	7385
7388	7389
7390	7391
7398	7399
7404	7405
7406	7407
7412	7413
7415	7416
7426	7427
7431	7432
7434	7435
7439	7440
7443	7444
7445	7446
7455	7456
7457	7458
7459	7460
7461	7462
7463	7464
7465	7466
7467	7468
7471	7472
7481	7482
7487	7488
7493	7494
7496	7497
7500	7501
7502	7503
7508	7509
7510	7511
7513	7514
7515	7516
7518	7519
7523	7524
7527	7528
7530	7531
7534	7535
7536	7537
7544	7545
7547	7548
7549	7550
7552	7553
7554	7555
7557	7558
7561	7562
7570	7571
7574	7575
7577	7578
7579	7580
7582	7583
7584	7585
7586	7587
7588	7589
7596	7597
7598	7599
7604	7605
7606	7607
7609	7610
7613	7614
7616	7617
7619	7620
7622	7623
7624	7625
7629	7630
7631	7632
7633	7634
7635	7636
7637	7638
7645	7646
7647	7648
7650	7651
7655	7656
7657	7658
7659	7660
7662	7663
7664	7665
7668	7669
7670	7671
7673	7674
7675	7676
7677	7678
7680	7681
7682	7683
7685	7686
7689	7690
7691	7692
7694	7695
7697	7698
7702	7703
7707	7708
7709	7710
7714	7715
7716	7717
7719	7720
7724	7725
7726	7727
7736	7737
7738	7739
7746	7747
7748	7749
7751	7752
7753	7754
7755	7756
7757	7758
7760	7761
7763	7764
7767	7768
7771	7772
7777	7778
7781	7782
7792	7793
7794	7795
7796	7797
7801	7802
7804	7805
7806	7807
7817	7818
7819	7820
7823	7824
7827	7828
7831	7832
7833	7834
7836	7837
7838	7839
7840	7841
7842	7843
7844	7845
7846	7847
7848	7849
7850	7851
7853	7854
7855	7856
7857	7858
7859	7860
7862	7863
7864	7865
7866	7867
7869	7870
7871	7872
7873	7874
7878	7879
7881	7882
7883	7884
7885	7886
7888	7889
7890	7891
7898	7899
7900	7901
7903	7904
7906	7907
7909	7910
7912	7913
7914	7915
7916	7917
7919	7920
7930	7931
7934	7935
7943	7944
7947	7948
7952	7953
7954	7955
7960	7961
7962	7963
7964	7965
7969	7970
7971	7972
7974	7975
7976	7977
7978	7979
7982	7983
7984	7985
7986	7987
7989	7990
7992	7993
7994	7995
7996	7997
7998	7999
8004	8005
8007	8008
8021	8022
8024	8025
8027	8028
8029	8030
8043	8044
8045	8046
8047	8048
8049	8050
8051	8052
8054	8055
8057	8058
8059	8060
8061	8062
8067	8068
8069	8070
8077	8078
8079	8080
8081	8082
8083	8084
8085	8086
8087	8088
8089	8090
8095	8096
8097	8098
8099	8100
8104	8105
8106	8107
8108	8109
8114	8115
8119	8120
8126	8127
8128	8129
8130	8131
8132	8133
8134	8135
8136	8137
8138	8139
8140	8141
8142	8143
8151	8152
8160	8161
8162	8163
8164	8165
8166	8167
8169	8170
8174	8175
8176	8177
8178	8179
8189	8190
8192	8193
8196	8197
8201	8202
8205	8206
8207	8208
8217	8218
8219	8220
8222	8223
8235	8236
8238	8239
8240	8241
8243	8244
8259	8260
8266	8267
8272	8273
8282	8283
8284	8285
8286	8287
8288	8289
8290	8291
8292	8293
8295	8296
8297	8298
8299	8300
8301	8302
8303	8304
8306	8307
8316	8317
8318	8319
8322	8323
8332	8333
8338	8339
8340	8341
8342	8343
8354	8355
8360	8361
8363	8364
8366	8367
8368	8369
8370	8371
8372	8373
8375	8376
8377	8378
8379	8380
8384	8385
8387	8388
8392	8393
8394	8395
8399	8400
8401	8402
8406	8407
8409	8410
8411	8412
8416	8417
8418	8419
8421	8422
8425	8426
8428	8429
8432	8433
8434	8435
8436	8437
8442	8443
8444	8445
8446	8447
8448	8449
8455	8456
8457	8458
8459	8460
8461	8462
8465	8466
8467	8468
8469	8470
8471	8472
8475	8476
8480	8481
8487	8488
8489	8490
8495	8496
8497	8498
8499	8500
8502	8503
8504	8505
8506	8507
8509	8510
8511	8512
8513	8514
8515	8516
8517	8518
8520	8521
8523	8524
8525	8526
8530	8531
8532	8533
8536	8537
8552	8553
8555	8556
8558	8559
8562	8563
8566	8567
8570	8571
8572	8573
8574	8575
8576	8577
8578	8579
8581	8582
8584	8585
8588	8589
8598	8599
8602	8603
8604	8605
8607	8608
8610	8611
8613	8614
8617	8618
8619	8620
8621	8622
8624	8625
8629	8630
8633	8634
8636	8637
8638	8639
8644	8645
8650	8651
8652	8653
8654	8655
8656	8657
8659	8660
8662	8663
8666	8667
8668	8669
8670	8671
8672	8673
8675	8676
8678	8679
8680	8681
8682	8683
8687	8688
8689	8690
8691	8692
8694	8695
8699	8700
8703	8704
8706	8707
8708	8709
8710	8711
8714	8715
8718	8719
8720	8721
8722	8723
8727	8728
8731	8732
8733	8734
8737	8738
8739	8740
8743	8744
8745	8746
8747	8748
8752	8753
8755	8756
8758	8759
8761	8762
8764	8765
8767	8768
8770	8771
8775	8776
8779	8780
8781	8782
8784	8785
8786	8787
8791	8792
8794	8795
8796	8797
8802	8803
8805	8806
8807	8808
8809	8810
8811	8812
8814	8815
8816	8817
8818	8819
8822	8823
8824	8825
8826	8827
8838	8839
8840	8841
8843	8844
8851	8852
8858	8859
8861	8862
8863	8864
8867	8868
8870	8871
8881	8882
8885	8886
8887	8888
8889	8890
8891	8892
8893	8894
8896	8897
8899	8900
8903	8904
8907	8908
8911	8912
8918	8919
8920	8921
8922	8923
8924	8925
8928	8929
8931	8932
8933	8934
8936	8937
8939	8940
8941	8942
8944	8945
8948	8949
8950	8951
8954	8955
8956	8957
8962	8963
8972	8973
8975	8976
8977	8978
8980	8981
8985	8986
8989	8990
8991	8992
8993	8994
9001	9002
9015	9016
9017	9018
9019	9020
9025	9026
9030	9031
9033	9034
9035	9036
9037	9038
9040	9041
9050	9051
9053	9054
9055	9056
9057	9058
9064	9065
9066	9067
9071	9072
9075	9076
9077	9078
9079	9080
9081	9082
9084	9085
9086	9087
9089	9090
9097	9098
9100	9101
9112	9113
9114	9115
9116	9117
9118	9119
9121	9122
9123	9124
9129	9130
9132	9133
9134	9135
9136	9137
9138	9139
9142	9143
9146	9147
9148	9149
9150	9151
9153	9154
9157	9158
9163	9164
9166	9167
9168	9169
9170	9171
9172	9173
9174	9175
9176	9177
9179	9180
9181	9182
9183	9184
9185	9186
9190	9191
9192	9193
9197	9198
9201	9202
9204	9205
9207	9208
9214	9215
9218	9219
9222	9223
9225	9226
9227	9228
9229	9230
9234	9235
9236	9237
9240	9241
9244	9245
9251	9252
9253	9254
9256	9257
9258	9259
9260	9261
9269	9270
9271	9272
9276	9277
9285	9286
9287	9288
9289	9290
9292	9293
9295	9296
9297	9298
9299	9300
9302	9303
9308	9309
9312	9313
9317	9318
9323	9324
9325	9326
9327	9328
9329	9330
9332	9333
9334	9335
9336	9337
9338	9339
9340	9341
9342	9343
9352	9353
9354	9355
9356	9357
9362	9363
9373	9374
9375	9376
9384	9385
9391	9392
9393	9394
9395	9396
9400	9401
9404	9405
9407	9408
9409	9410
9420	9421
9424	9425
9427	9428
9431	9432
9434	9435
9441	9442
9443	9444
9446	9447
9450	9451
9455	9456
9459	9460
9462	9463
9466	9467
9473	9474
9476	9477
9479	9480
9481	9482
9483	9484
9485	9486
9487	9488
9491	9492
9494	9495
9496	9497
9498	9499
9501	9502
9503	9504
9505	9506
9507	9508
9509	9510
9514	9515
9516	9517
9519	9520
9521	9522
9524	9525
9526	9527
9532	9533
9540	9541
9542	9543
9544	9545
9550	9551
9554	9555
9558	9559
9564	9565
9570	9571
9576	9577
9578	9579
9582	9583
9584	9585
9587	9588
9589	9590
9594	9595
9597	9598
9600	9601
9604	9605
9613	9614
9617	9618
9621	9622
9630	9631
9633	9634
9635	9636
9638	9639
9640	9641
9643	9644
9645	9646
9647	9648
9649	9650
9652	9653
9654	9655
9656	9657
9658	9659
9660	9661
9662	9663
9670	9671
9672	9673
9675	9676
9677	9678
9682	9683
9686	9687
9688	9689
9694	9695
9696	9697
9700	9701
9702	9703
9704	9705
9707	9708
9711	9712
9717	9718
9722	9723
9724	9725
9732	9733
9734	9735
9736	9737
9738	9739
9741	9742
9744	9745
9748	9749
9750	9751
9752	9753
9754	9755
9756	9757
9758	9759
9760	9761
9763	9764
9771	9772
9775	9776
9777	9778
9780	9781
9784	9785
9788	9789
9799	9800
9801	9802
9805	9806
9811	9812
9813	9814
9815	9816
9817	9818
9819	9820
9822	9823
9825	9826
9827	9828
9829	9830
9831	9832
9833	9834
9838	9839
9845	9846
9850	9851
9853	9854
9855	9856
9857	9858
9859	9860
9866	9867
9870	9871
9872	9873
9876	9877
9878	9879
9880	9881
9883	9884
9887	9888
9891	9892
9900	9901
9902	9903
9905	9906
9907	9908
9910	9911
9912	9913
9914	9915
9916	9917
9918	9919
9920	9921
9922	9923
9926	9927
9928	9929
9930	9931
9932	9933
9934	9935
9937	9938
9942	9943
9946	9947
9948	9949
9954	9955
9956	9957
9968	9969
9970	9971
9972	9973
9974	9975
9977	9978
9982	9983
9989	9990
9996	9997
9999	10000
10001	10002
10008	10009
10010	10011
10019	10020
10026	10027
10028	10029
10031	10032
10033	10034
10035	10036
10037	10038
10039	10040
10041	10042
10043	10044
10046	10047
10048	10049
10052	10053
10054	10055
10056	10057
10059	10060
10064	10065
10068	10069
10070	10071
10077	10078
10079	10080
10081	10082
10083	10084
10085	10086
10090	10091
10096	10097
10098	10099
10101	10102
10103	10104
10106	10107
10108	10109
10114	10115
10116	10117
10118	10119
10124	10125
10133	10134
10135	10136
10138	10139
10140	10141
10142	10143
10144	10145
10147	10148
10149	10150
10153	10154
10155	10156
10157	10158
10159	10160
10161	10162
10163	10164
10169	10170
10181	10182
10184	10185
10186	10187
10195	10196
10197	10198
10199	10200
10203	10204
10218	10219
10222	10223
10241	10242
10243	10244
10248	10249
10251	10252
10257	10258
10259	10260
10263	10264
10268	10269
10272	10273
10274	10275
10276	10277
10280	10281
10283	10284
10287	10288
10290	10291
10299	10300
10310	10311
10315	10316
10333	10334
10337	10338
10339	10340
10341	10342
10345	10346
10349	10350
10353	10354
10355	10356
10358	10359
10364	10365
10374	10375
10376	10377
10380	10381
10382	10383
10384	10385
10386	10387
10389	10390
10394	10395
10396	10397
10401	10402
10403	10404
10405	10406
10407	10408
10411	10412
10413	10414
10415	10416
10420	10421
10430	10431
10433	10434
10435	10436
10437	10438
10443	10444
10449	10450
10453	10454
10455	10456
10457	10458
10472	10473
10479	10480
10481	10482
10483	10484
10490	10491
10492	10493
10495	10496
10498	10499
10504	10505
10507	10508
10509	10510
10513	10514
10519	10520
10521	10522
10523	10524
10525	10526
10528	10529
10538	10539
10540	10541
10543	10544
10545	10546
10547	10548
10549	10550
10551	10552
10554	10555
10562	10563
10565	10566
10567	10568
10570	10571
10573	10574
10577	10578
10582	10583
10586	10587
10590	10591
10592	10593
10594	10595
10598	10599
10600	10601
10604	10605
10609	10610
