9	10
11	12
14	15
17	18
20	21
25	26
27	28
29	30
37	38
39	40
44	45
46	47
48	49
50	51
52	53
55	56
57	58
60	61
63	64
66	67
76	77
78	79
84	85
89	90
91	92
94	95
97	98
99	100
101	102
104	105
107	108
114	115
116	117
120	121
128	129
130	131
134	135
139	140
144	145
147	148
149	150
151	152
153	154
160	161
167	168
169	170
182	183
190	191
192	193
195	196
197	198
199	200
202	203
205	206
207	208
209	210
211	212
213	214
219	220
222	223
233	234
235	236
237	238
239	240
242	243
244	245
247	248
249	250
251	252
253	254
255	256
257	258
259	260
265	266
270	271
273	274
278	279
285	286
287	288
290	291
293	294
296	297
298	299
302	303
304	305
312	313
315	316
318	319
323	324
327	328
329	330
331	332
334	335
336	337
338	339
342	343
344	345
351	352
353	354
360	361
363	364
367	368
369	370
384	385
386	387
388	389
399	400
401	402
404	405
408	409
410	411
412	413
414	415
416	417
419	420
424	425
427	428
429	430
434	435
437	438
443	444
446	447
448	449
450	451
454	455
457	458
461	462
463	464
470	471
472	473
475	476
481	482
483	484
486	487
490	491
492	493
494	495
496	497
500	501
502	503
504	505
506	507
508	509
511	512
513	514
515	516
518	519
523	524
525	526
527	528
531	532
533	534
536	537
543	544
546	547
548	549
552	553
554	555
557	558
559	560
561	562
563	564
566	567
568	569
570	571
573	574
576	577
582	583
584	585
587	588
589	590
591	592
593	594
595	596
597	598
604	605
610	611
612	613
620	621
622	623
630	631
633	634
639	640
641	642
646	647
649	650
654	655
657	658
667	668
669	670
671	672
675	676
679	680
688	689
690	691
692	693
694	695
696	697
698	699
701	702
703	704
710	711
714	715
717	718
720	721
723	724
726	727
729	730
731	732
734	735
740	741
745	746
747	748
749	750
751	752
753	754
755	756
757	758
761	762
763	764
769	770
771	772
773	774
776	777
781	782
788	789
790	791
792	793
795	796
814	815
817	818
820	821
832	833
835	836
839	840
844	845
846	847
849	850
851	852
853	854
855	856
862	863
869	870
877	878
880	881
886	887
888	889
891	892
903	904
910	911
912	913
914	915
919	920
921	922
930	931
932	933
938	939
942	943
949	950
951	952
953	954
955	956
963	964
965	966
968	969
970	971
973	974
975	976
977	978
979	980
983	984
985	986
987	988
990	991
993	994
995	996
997	998
999	1000
1003	1004
1005	1006
1008	1009
1013	1014
1027	1028
1031	1032
1037	1038
1042	1043
1048	1049
1050	1051
1053	1054
1060	1061
1065	1066
1068	1069
1070	1071
1072	1073
1075	1076
1077	1078
1081	1082
1086	1087
1088	1089
1091	1092
1094	1095
1097	1098
1104	1105
1106	1107
1108	1109
1118	1119
1120	1121
1123	1124
1132	1133
1137	1138
1139	1140
1143	1144
1147	1148
1149	1150
1151	1152
1158	1159
1161	1162
1163	1164
1166	1167
1171	1172
1175	1176
1177	1178
1182	1183
1189	1190
1191	1192
1194	1195
1197	1198
1201	1202
1203	1204
1205	1206
1207	1208
1210	1211
1212	1213
1216	1217
1218	1219
1226	1227
1228	1229
1230	1231
1232	1233
1237	1238
1239	1240
1242	1243
1244	1245
1246	1247
1249	1250
1251	1252
1257	1258
1259	1260
1261	1262
1263	1264
1266	1267
1268	1269
1270	1271
1272	1273
1276	1277
1279	1280
1282	1283
1284	1285
1289	1290
1293	1294
1299	1300
1302	1303
1304	1305
1306	1307
1308	1309
1310	1311
1314	1315
1322	1323
1325	1326
1327	1328
1329	1330
1331	1332
1333	1334
1335	1336
1337	1338
1342	1343
1347	1348
1349	1350
1352	1353
1356	1357
1358	1359
1360	1361
1362	1363
1370	1371
1378	1379
1380	1381
1385	1386
1388	1389
1390	1391
1392	1393
1396	1397
1398	1399
1401	1402
1403	1404
1405	1406
1407	1408
1409	1410
1411	1412
1413	1414
1415	1416
1417	1418
1420	1421
1422	1423
