455	819	1	1
455	44	1	1
455	106	1	1
455	1	1	1
105	819	1	1
105	44	1	1
105	106	1	1
105	1	1	1
59	819	1	1
59	44	1	1
59	106	1	1
59	1	1	1
7	819	1	1
7	44	1	1
7	106	1	1
7	1	1	1
483	74	2	1
483	13	2	1
483	83	2	1
1	74	2	1
1	13	2	1
1	83	2	1
569	408	3	1
569	10	3	1
1	408	3	1
1	10	3	1
410	566	4	1
114	162	5	1
114	13	5	1
1	162	5	1
1	13	5	1
202	12	6	1
202	243	6	1
97	12	6	1
97	243	6	1
782	272	7	1
782	21	7	1
10	272	7	1
10	21	7	1
725	726	8	1
725	19	8	1
17	726	8	1
17	19	8	1
536	752	9	1
536	22	9	1
23	752	9	1
23	22	9	1
752	536	10	1
22	536	10	1
752	23	10	1
22	23	10	1
2	8	11	1
2	507	11	1
450	8	11	1
450	507	11	1
8	450	12	1
507	450	12	1
451	670	13	1
451	72	13	1
1	670	13	1
1	72	13	1
2	8	14	1
2	178	14	1
211	8	14	1
211	178	14	1
8	211	15	1
178	211	15	1
211	178	16	1
54	178	16	1
211	20	16	1
54	20	16	1
5	6	17	1
5	368	17	1
367	6	17	1
367	368	17	1
368	367	18	1
521	374	19	1
521	13	19	1
1	374	19	1
1	13	19	1
2	8	20	1
2	9	20	1
2	465	20	1
375	8	20	1
375	9	20	1
375	465	20	1
11	8	20	1
11	9	20	1
11	465	20	1
8	375	21	1
465	375	21	1
770	288	22	1
770	9	22	1
1	288	22	1
1	9	22	1
60	79	23	1
60	69	23	1
26	79	23	1
26	69	23	1
79	20	24	1
54	20	24	1
60	79	25	1
60	9	25	1
60	68	25	1
33	79	25	1
33	9	25	1
33	68	25	1
10	79	25	1
10	9	25	1
10	68	25	1
79	33	26	1
68	33	26	1
2	8	27	1
2	60	27	1
79	8	27	1
79	60	27	1
8	79	28	1
73	29	29	1
73	736	29	1
735	29	29	1
735	736	29	1
29	73	30	1
736	73	30	1
29	735	30	1
736	735	30	1
8	18	31	1
8	9	31	1
1	18	31	1
1	9	31	1
25	14	32	1
25	318	32	1
69	14	32	1
69	318	32	1
2	8	33	1
2	9	33	1
2	4	33	1
627	8	33	1
627	9	33	1
627	4	33	1
649	648	34	1
653	652	35	1
653	652	36	1
656	655	37	1
655	656	38	1
61	404	39	1
61	32	39	1
20	404	39	1
20	32	39	1
404	61	40	1
32	61	40	1
404	20	40	1
32	20	40	1
99	137	41	1
99	64	41	1
72	137	41	1
72	64	41	1
144	8	42	1
150	89	43	1
64	175	44	1
64	145	44	1
89	175	44	1
89	145	44	1
175	64	45	1
145	64	45	1
175	89	45	1
145	89	45	1
207	84	46	1
207	89	46	1
84	207	47	1
89	207	47	1
115	512	48	1
115	10	48	1
115	11	48	1
50	512	48	1
50	10	48	1
50	11	48	1
512	115	49	1
512	50	49	1
2	18	50	1
2	115	50	1
2	12	50	1
158	18	50	1
158	115	50	1
158	12	50	1
10	18	50	1
10	115	50	1
10	12	50	1
18	158	51	1
115	158	51	1
21	10	52	1
21	498	52	1
254	10	52	1
254	498	52	1
498	21	53	1
498	254	53	1
365	74	54	1
365	28	54	1
177	74	54	1
177	28	54	1
35	12	55	1
35	73	55	1
301	12	55	1
301	73	55	1
73	301	56	1
731	976	57	1
731	19	57	1
17	976	57	1
17	19	57	1
976	731	58	1
19	731	58	1
577	728	59	1
577	12	59	1
116	728	59	1
116	12	59	1
2	284	60	1
2	12	60	1
2	8	62	1
2	9	62	1
1	8	62	1
1	9	62	1
2	8	63	1
2	609	63	1
429	8	63	1
429	609	63	1
8	429	64	1
609	429	64	1
2	8	65	1
2	430	65	1
600	8	65	1
600	430	65	1
635	913	66	1
635	367	66	1
635	1	66	1
368	913	66	1
368	367	66	1
368	1	66	1
7	913	66	1
7	367	66	1
7	1	66	1
59	913	66	1
59	367	66	1
59	1	66	1
913	635	67	1
367	635	67	1
913	368	67	1
367	368	67	1
448	870	68	1
448	6	68	1
448	1	68	1
7	870	68	1
7	6	68	1
7	1	68	1
5	870	68	1
5	6	68	1
5	1	68	1
59	870	68	1
59	6	68	1
59	1	68	1
141	851	69	1
141	6	69	1
141	1	69	1
7	851	69	1
7	6	69	1
7	1	69	1
5	851	69	1
5	6	69	1
5	1	69	1
59	851	69	1
59	6	69	1
59	1	69	1
448	869	70	1
448	6	70	1
448	1	70	1
7	869	70	1
7	6	70	1
7	1	70	1
5	869	70	1
5	6	70	1
5	1	70	1
59	869	70	1
59	6	70	1
59	1	70	1
141	847	71	1
141	6	71	1
141	1	71	1
7	847	71	1
7	6	71	1
7	1	71	1
5	847	71	1
5	6	71	1
5	1	71	1
59	847	71	1
59	6	71	1
59	1	71	1
141	849	72	1
141	6	72	1
141	1	72	1
7	849	72	1
7	6	72	1
7	1	72	1
5	849	72	1
5	6	72	1
5	1	72	1
59	849	72	1
59	6	72	1
59	1	72	1
141	848	73	1
141	6	73	1
141	1	73	1
7	848	73	1
7	6	73	1
7	1	73	1
5	848	73	1
5	6	73	1
5	1	73	1
59	848	73	1
59	6	73	1
59	1	73	1
285	86	74	1
285	86	75	1
384	84	76	1
384	286	76	1
84	384	77	1
286	384	77	1
187	23	78	1
187	11	78	1
187	4	78	1
187	59	78	1
3	23	78	1
3	11	78	1
3	4	78	1
3	59	78	1
23	187	79	1
561	22	80	1
561	5	80	1
561	59	80	1
6	22	80	1
6	5	80	1
6	59	80	1
1	22	80	1
1	5	80	1
1	59	80	1
561	22	81	1
561	4	81	1
561	59	81	1
3	22	81	1
3	4	81	1
3	59	81	1
1	22	81	1
1	4	81	1
1	59	81	1
243	12	82	1
243	543	82	1
989	988	83	1
895	172	84	1
895	1	84	1
172	895	85	1
684	685	86	1
684	5	86	1
684	59	86	1
6	685	86	1
6	5	86	1
6	59	86	1
1	685	86	1
1	5	86	1
1	59	86	1
686	687	87	1
686	4	87	1
686	59	87	1
3	687	87	1
3	4	87	1
3	59	87	1
1	687	87	1
1	4	87	1
1	59	87	1
686	687	88	1
686	5	88	1
686	59	88	1
6	687	88	1
6	5	88	1
6	59	88	1
1	687	88	1
1	5	88	1
1	59	88	1
2	8	89	1
2	137	89	1
210	8	89	1
210	137	89	1
8	210	90	1
137	210	90	1
99	137	91	1
99	43	91	1
253	137	91	1
253	43	91	1
137	99	92	1
43	99	92	1
137	253	92	1
43	253	92	1
99	137	93	1
99	80	93	1
182	137	93	1
182	80	93	1
2	18	94	1
2	52	94	1
218	18	94	1
218	52	94	1
18	218	95	1
489	126	96	1
489	13	96	1
1	126	96	1
1	13	96	1
77	8	97	1
77	9	97	1
77	148	97	1
44	8	97	1
44	9	97	1
44	148	97	1
2	8	97	1
2	9	97	1
2	148	97	1
8	44	98	1
148	44	98	1
840	859	99	1
840	6	99	1
840	1	99	1
5	859	99	1
5	6	99	1
5	1	99	1
7	859	99	1
7	6	99	1
7	1	99	1
59	859	99	1
59	6	99	1
59	1	99	1
859	840	100	1
840	860	101	1
840	6	101	1
840	1	101	1
5	860	101	1
5	6	101	1
5	1	101	1
7	860	101	1
7	6	101	1
7	1	101	1
59	860	101	1
59	6	101	1
59	1	101	1
860	840	102	1
621	12	103	1
621	380	103	1
621	11	103	1
1008	12	103	1
1008	380	103	1
1008	11	103	1
52	517	104	1
52	18	104	1
8	517	104	1
8	18	104	1
517	8	105	1
18	8	105	1
47	56	106	1
47	65	106	1
1	56	106	1
1	65	106	1
2	18	107	1
2	90	107	1
88	18	107	1
88	90	107	1
18	88	108	1
90	88	108	1
286	87	109	1
544	39	110	1
544	165	110	1
1	39	110	1
1	165	110	1
163	404	111	1
163	11	111	1
163	5	111	1
163	59	111	1
6	404	111	1
6	11	111	1
6	5	111	1
6	59	111	1
420	413	112	1
420	9	112	1
1	413	112	1
1	9	112	1
819	635	113	1
2	8	114	1
2	1015	114	1
816	8	114	1
816	1015	114	1
8	816	115	1
1015	816	115	1
799	875	116	1
799	6	116	1
799	1	116	1
5	875	116	1
5	6	116	1
5	1	116	1
7	875	116	1
7	6	116	1
7	1	116	1
59	875	116	1
59	6	116	1
59	1	116	1
875	799	117	1
872	874	118	1
39	874	118	1
666	187	119	1
48	12	120	1
48	185	120	1
289	12	120	1
289	185	120	1
185	289	121	1
186	219	122	1
2	8	123	1
2	9	123	1
2	97	123	1
2	11	123	1
395	8	123	1
395	9	123	1
395	97	123	1
395	11	123	1
88	16	124	1
88	1	124	1
88	9	124	1
89	16	124	1
89	1	124	1
89	9	124	1
13	16	124	1
13	1	124	1
13	9	124	1
493	791	125	1
493	13	125	1
1	791	125	1
1	13	125	1
2	18	126	1
2	12	126	1
2	591	126	1
547	18	126	1
547	12	126	1
547	591	126	1
74	18	126	1
74	12	126	1
74	591	126	1
280	200	127	1
280	4	127	1
280	59	127	1
3	200	127	1
3	4	127	1
3	59	127	1
1	200	127	1
1	4	127	1
1	59	127	1
49	22	128	1
49	205	128	1
64	22	128	1
64	205	128	1
22	49	129	1
205	49	129	1
22	64	129	1
205	64	129	1
2	8	130	1
2	64	130	1
72	8	130	1
72	64	130	1
8	72	131	1
64	72	131	1
309	64	132	1
309	9	132	1
1	64	132	1
1	9	132	1
207	64	133	1
207	9	133	1
1	64	133	1
1	9	133	1
48	85	134	1
48	207	134	1
64	85	134	1
64	207	134	1
85	64	135	1
207	64	135	1
122	167	136	1
386	557	137	1
386	8	137	1
2	557	137	1
2	8	137	1
48	85	138	1
48	557	138	1
386	85	138	1
386	557	138	1
17	597	139	1
17	375	139	1
383	597	139	1
383	375	139	1
597	383	140	1
375	383	140	1
55	14	141	1
55	557	141	1
386	14	141	1
386	557	141	1
60	79	142	1
60	557	142	1
386	79	142	1
386	557	142	1
681	702	143	1
17	19	144	1
17	661	144	1
17	59	144	1
641	19	144	1
641	661	144	1
641	59	144	1
19	641	145	1
661	641	145	1
139	180	146	1
139	13	146	1
1	180	146	1
1	13	146	1
139	110	147	1
139	295	147	1
9	110	147	1
9	295	147	1
110	139	148	1
295	139	148	1
271	81	149	1
271	315	149	1
9	81	149	1
9	315	149	1
81	271	150	1
315	271	150	1
584	745	151	1
584	4	151	1
584	59	151	1
3	745	151	1
3	4	151	1
3	59	151	1
1	745	151	1
1	4	151	1
1	59	151	1
745	584	152	1
584	745	153	1
584	5	153	1
584	59	153	1
6	745	153	1
6	5	153	1
6	59	153	1
1	745	153	1
1	5	153	1
1	59	153	1
745	584	154	1
578	583	155	1
583	107	156	1
583	1	156	1
699	700	157	1
699	44	157	1
1	700	157	1
1	44	157	1
748	335	158	1
748	4	158	1
748	59	158	1
3	335	158	1
3	4	158	1
3	59	158	1
1	335	158	1
1	4	158	1
1	59	158	1
2	8	159	1
2	589	159	1
585	8	159	1
585	589	159	1
2	12	160	1
2	15	160	1
46	12	160	1
46	15	160	1
23	382	162	1
67	72	163	1
67	26	163	1
1	72	163	1
1	26	163	1
67	484	164	1
67	171	164	1
1	484	164	1
1	171	164	1
2	18	165	1
2	12	165	1
2	113	165	1
2	22	165	1
38	18	165	1
38	12	165	1
38	113	165	1
38	22	165	1
49	18	165	1
49	12	165	1
49	113	165	1
49	22	165	1
1	18	165	1
1	12	165	1
1	113	165	1
1	22	165	1
2	8	166	1
2	9	166	1
2	22	166	1
2	123	166	1
49	8	166	1
49	9	166	1
49	22	166	1
49	123	166	1
179	8	166	1
179	9	166	1
179	22	166	1
179	123	166	1
1	8	166	1
1	9	166	1
1	22	166	1
1	123	166	1
2	8	167	1
2	48	167	1
85	8	167	1
85	48	167	1
8	85	168	1
2	8	169	1
2	9	169	1
2	48	169	1
55	8	169	1
55	9	169	1
55	48	169	1
13	8	169	1
13	9	169	1
13	48	169	1
85	20	171	1
54	20	171	1
2	8	172	1
2	9	172	1
2	48	172	1
2	22	172	1
55	8	172	1
55	9	172	1
55	48	172	1
55	22	172	1
49	8	172	1
49	9	172	1
49	48	172	1
49	22	172	1
1	8	172	1
1	9	172	1
1	48	172	1
1	22	172	1
2	12	173	1
2	344	173	1
407	12	173	1
407	344	173	1
344	18	174	1
344	407	174	1
1	18	174	1
1	407	174	1
160	818	175	1
160	22	175	1
49	818	175	1
49	22	175	1
160	163	176	1
427	160	177	1
427	9	177	1
189	159	178	1
189	24	178	1
7	159	178	1
7	24	178	1
276	159	179	1
276	13	179	1
276	24	179	1
1	159	179	1
1	13	179	1
1	24	179	1
7	159	179	1
7	13	179	1
7	24	179	1
161	171	180	1
161	26	180	1
1	171	180	1
1	26	180	1
243	12	181	1
243	206	181	1
97	12	181	1
97	206	181	1
835	478	182	1
1	478	182	1
478	835	183	1
834	833	184	1
477	1017	185	1
4	18	186	1
4	1023	186	1
1	18	186	1
1	1023	186	1
530	300	187	1
530	32	187	1
1	300	187	1
1	32	187	1
300	595	188	1
7	595	188	1
2	8	189	1
2	69	189	1
26	8	189	1
26	69	189	1
25	40	190	1
40	25	191	1
2	8	192	1
2	9	192	1
2	62	192	1
21	8	192	1
21	9	192	1
21	62	192	1
179	8	192	1
179	9	192	1
179	62	192	1
8	21	193	1
62	21	193	1
63	251	194	1
239	522	195	1
239	5	195	1
239	59	195	1
9	522	195	1
9	5	195	1
9	59	195	1
6	522	195	1
6	5	195	1
6	59	195	1
522	239	196	1
458	221	197	1
458	295	197	1
9	221	197	1
9	295	197	1
221	458	198	1
295	458	198	1
734	162	199	1
734	295	199	1
734	59	199	1
9	162	199	1
9	295	199	1
9	59	199	1
162	734	200	1
295	734	200	1
524	114	201	1
524	295	201	1
9	114	201	1
9	295	201	1
508	2	202	1
508	90	202	1
12	2	202	1
12	90	202	1
90	508	203	1
378	483	204	1
378	28	204	1
74	483	204	1
74	28	204	1
711	20	205	1
711	13	205	1
711	719	205	1
1	20	205	1
1	13	205	1
1	719	205	1
20	711	206	1
719	711	206	1
716	662	207	1
716	575	207	1
601	662	207	1
601	575	207	1
662	716	208	1
575	716	208	1
662	601	208	1
575	601	208	1
4	3	209	1
4	368	209	1
4	59	209	1
367	3	209	1
367	368	209	1
367	59	209	1
368	367	210	1
2	8	211	1
2	6	211	1
3	8	211	1
3	6	211	1
5	6	213	1
5	355	213	1
5	59	213	1
354	6	213	1
354	355	213	1
354	59	213	1
355	354	214	1
2	8	215	1
2	9	215	1
2	625	215	1
620	8	215	1
620	9	215	1
620	625	215	1
38	8	215	1
38	9	215	1
38	625	215	1
495	323	216	1
495	9	216	1
1	323	216	1
1	9	216	1
2	8	217	1
2	9	217	1
2	1021	217	1
1020	8	217	1
1020	9	217	1
1020	1021	217	1
31	8	217	1
31	9	217	1
31	1021	217	1
324	336	218	1
32	20	219	1
32	487	219	1
83	20	219	1
83	487	219	1
20	32	220	1
487	32	220	1
20	83	220	1
487	83	220	1
613	426	221	1
613	1	221	1
540	347	222	1
540	9	222	1
1	347	222	1
1	9	222	1
347	540	223	1
677	31	224	1
677	63	224	1
2	8	225	1
2	388	225	1
169	8	225	1
169	388	225	1
239	169	226	1
239	169	227	1
68	10	228	1
68	391	228	1
169	10	228	1
169	391	228	1
21	10	229	1
21	378	229	1
169	10	229	1
169	378	229	1
480	68	230	1
480	21	230	1
208	231	231	1
783	784	232	1
783	4	232	1
783	59	232	1
3	784	232	1
3	4	232	1
3	59	232	1
1	784	232	1
1	4	232	1
1	59	232	1
513	528	233	1
528	513	234	1
2	8	235	1
2	824	235	1
411	8	235	1
411	824	235	1
8	411	236	1
824	411	236	1
443	708	237	1
443	5	237	1
443	59	237	1
6	708	237	1
6	5	237	1
6	59	237	1
1	708	237	1
1	5	237	1
1	59	237	1
2	12	239	1
2	3	239	1
245	12	239	1
245	3	239	1
8	297	241	1
574	297	241	1
39	96	242	1
39	622	242	1
39	1	242	1
664	96	242	1
664	622	242	1
664	1	242	1
96	664	243	1
622	664	243	1
39	96	244	1
39	619	244	1
39	1	244	1
746	96	244	1
746	619	244	1
746	1	244	1
96	746	245	1
619	746	245	1
391	278	246	1
74	278	246	1
391	33	246	1
74	33	246	1
287	157	247	1
287	4	247	1
287	59	247	1
3	157	247	1
3	4	247	1
3	59	247	1
157	287	248	1
203	135	249	1
203	11	249	1
203	5	249	1
203	59	249	1
6	135	249	1
6	11	249	1
6	5	249	1
6	59	249	1
135	203	250	1
135	145	251	1
145	135	252	1
124	110	253	1
124	579	253	1
9	110	253	1
9	579	253	1
110	124	254	1
579	124	254	1
2	8	255	1
2	9	255	1
2	741	255	1
740	8	255	1
740	9	255	1
740	741	255	1
22	8	255	1
22	9	255	1
22	741	255	1
8	740	256	1
741	740	256	1
8	22	256	1
741	22	256	1
2	8	257	1
18	8	257	1
8	18	258	1
8	9	259	1
8	424	259	1
2	9	259	1
2	424	259	1
424	8	260	1
131	1013	261	1
131	12	261	1
131	1	261	1
2	1013	261	1
2	12	261	1
2	1	261	1
179	1013	261	1
179	12	261	1
179	1	261	1
59	1013	261	1
59	12	261	1
59	1	261	1
445	328	262	1
543	12	263	1
543	327	263	1
543	6	263	1
5	12	263	1
5	327	263	1
5	6	263	1
59	12	263	1
59	327	263	1
59	6	263	1
923	924	264	1
923	6	264	1
5	924	264	1
5	6	264	1
59	924	264	1
59	6	264	1
62	923	265	1
62	10	265	1
62	11	265	1
115	923	265	1
115	10	265	1
115	11	265	1
923	62	266	1
923	115	266	1
22	244	267	1
572	244	267	1
286	167	268	1
286	4	268	1
286	59	268	1
3	167	268	1
3	4	268	1
3	59	268	1
1	167	268	1
1	4	268	1
1	59	268	1
752	475	269	1
752	4	269	1
752	59	269	1
3	475	269	1
3	4	269	1
3	59	269	1
1	475	269	1
1	4	269	1
1	59	269	1
83	753	270	1
83	52	270	1
637	753	270	1
637	52	270	1
753	83	271	1
753	637	271	1
21	10	272	1
21	297	272	1
22	10	272	1
22	297	272	1
32	20	273	1
32	22	273	1
23	20	273	1
23	22	273	1
20	32	274	1
22	32	274	1
20	23	274	1
22	23	274	1
2	18	275	1
2	12	275	1
2	3	275	1
2	22	275	1
344	18	275	1
344	12	275	1
344	3	275	1
344	22	275	1
49	18	275	1
49	12	275	1
49	3	275	1
49	22	275	1
1	18	275	1
1	12	275	1
1	3	275	1
1	22	275	1
49	22	276	1
49	13	276	1
1	22	276	1
1	13	276	1
2	8	277	1
2	9	277	1
2	22	277	1
462	8	277	1
462	9	277	1
462	22	277	1
1	8	277	1
1	9	277	1
1	22	277	1
2	8	278	1
2	9	278	1
2	49	278	1
22	8	278	1
22	9	278	1
22	49	278	1
13	8	278	1
13	9	278	1
13	49	278	1
8	22	279	1
49	22	279	1
74	177	280	1
74	20	280	1
74	13	280	1
1	177	280	1
1	20	280	1
1	13	280	1
839	940	281	1
499	828	282	1
499	4	282	1
499	59	282	1
1	828	282	1
1	4	282	1
1	59	282	1
3	828	282	1
3	4	282	1
3	59	282	1
2	8	283	1
2	174	283	1
118	8	283	1
118	174	283	1
60	79	284	1
60	174	284	1
118	79	284	1
118	174	284	1
117	187	285	1
187	117	286	1
117	230	287	1
117	1	287	1
230	117	288	1
839	941	289	1
252	217	290	1
252	4	290	1
252	59	290	1
3	217	290	1
3	4	290	1
3	59	290	1
217	252	291	1
675	674	292	1
2	8	293	1
2	5	293	1
4	8	293	1
4	5	293	1
623	12	295	1
623	353	295	1
282	12	295	1
282	353	295	1
431	353	296	1
431	1	296	1
282	353	296	1
282	1	296	1
353	431	297	1
353	282	297	1
2	8	298	1
2	248	298	1
437	8	298	1
437	248	298	1
8	437	299	1
248	437	299	1
248	437	300	1
248	80	300	1
182	437	300	1
182	80	300	1
962	963	301	1
962	4	301	1
962	59	301	1
3	963	301	1
3	4	301	1
3	59	301	1
981	63	302	1
981	66	302	1
981	46	302	1
981	1	302	1
7	63	302	1
7	66	302	1
7	46	302	1
7	1	302	1
461	63	302	1
461	66	302	1
461	46	302	1
461	1	302	1
63	981	303	1
224	72	304	1
224	4	304	1
224	59	304	1
3	72	304	1
3	4	304	1
3	59	304	1
72	224	305	1
2	8	306	1
2	9	306	1
2	559	306	1
523	8	306	1
523	9	306	1
523	559	306	1
31	8	306	1
31	9	306	1
31	559	306	1
17	19	307	1
17	823	307	1
485	19	307	1
485	823	307	1
305	16	308	1
305	13	308	1
305	24	308	1
1	16	308	1
1	13	308	1
1	24	308	1
7	16	308	1
7	13	308	1
7	24	308	1
24	96	309	1
24	1	309	1
39	96	309	1
39	1	309	1
21	422	310	1
21	10	310	1
1	422	310	1
1	10	310	1
23	422	310	1
23	10	310	1
298	24	311	1
298	16	311	1
7	24	311	1
7	16	311	1
885	888	312	1
885	434	312	1
39	888	312	1
39	434	312	1
888	885	313	1
63	28	314	1
63	5	314	1
63	59	314	1
6	28	314	1
6	5	314	1
6	59	314	1
1	28	314	1
1	5	314	1
1	59	314	1
2	8	315	1
2	298	315	1
189	8	315	1
189	298	315	1
8	189	316	1
298	189	316	1
149	12	317	1
149	202	317	1
97	12	317	1
97	202	317	1
240	148	318	1
240	59	318	1
1	148	318	1
1	59	318	1
148	240	319	1
581	147	320	1
917	10	321	1
917	773	321	1
1	10	321	1
1	773	321	1
886	884	322	1
216	322	323	1
216	171	323	1
1	322	323	1
1	171	323	1
322	216	324	1
171	216	324	1
215	229	325	1
215	214	325	1
108	229	325	1
108	214	325	1
248	215	326	1
248	12	326	1
1	215	326	1
1	12	326	1
640	659	327	1
640	5	327	1
640	59	327	1
6	659	327	1
6	5	327	1
6	59	327	1
659	640	328	1
640	659	329	1
640	4	329	1
640	59	329	1
3	659	329	1
3	4	329	1
3	59	329	1
659	640	330	1
479	580	331	1
479	1	331	1
580	479	332	1
280	200	333	1
280	5	333	1
280	59	333	1
6	200	333	1
6	5	333	1
6	59	333	1
1	200	333	1
1	5	333	1
1	59	333	1
311	663	334	1
663	311	335	1
676	168	336	1
676	315	336	1
9	168	336	1
9	315	336	1
168	676	337	1
315	676	337	1
35	738	338	1
1	738	338	1
35	629	340	1
35	44	340	1
1	629	340	1
1	44	340	1
35	44	341	1
35	433	341	1
35	12	341	1
1	44	341	1
1	433	341	1
1	12	341	1
360	250	342	1
360	4	342	1
360	59	342	1
3	250	342	1
3	4	342	1
3	59	342	1
250	360	343	1
360	250	344	1
360	5	344	1
360	59	344	1
6	250	344	1
6	5	344	1
6	59	344	1
250	360	345	1
250	659	346	1
250	6	346	1
250	1	346	1
59	659	346	1
59	6	346	1
59	1	346	1
7	659	346	1
7	6	346	1
7	1	346	1
5	659	346	1
5	6	346	1
5	1	346	1
250	658	347	1
250	3	347	1
250	1	347	1
59	658	347	1
59	3	347	1
59	1	347	1
7	658	347	1
7	3	347	1
7	1	347	1
4	658	347	1
4	3	347	1
4	1	347	1
250	658	348	1
250	6	348	1
250	1	348	1
59	658	348	1
59	6	348	1
59	1	348	1
7	658	348	1
7	6	348	1
7	1	348	1
5	658	348	1
5	6	348	1
5	1	348	1
388	131	349	1
388	9	349	1
1	131	349	1
1	9	349	1
2	8	350	1
2	204	350	1
132	8	350	1
132	204	350	1
70	84	351	1
70	438	351	1
15	84	351	1
15	438	351	1
84	70	352	1
2	8	353	1
2	70	353	1
87	8	353	1
87	70	353	1
8	87	354	1
70	87	354	1
70	87	355	1
70	9	355	1
1	87	355	1
1	9	355	1
84	70	356	1
644	652	357	1
644	21	357	1
279	165	358	1
570	614	359	1
90	614	359	1
702	564	360	1
702	1	360	1
564	702	361	1
401	472	362	1
401	9	362	1
1	472	362	1
1	9	362	1
112	20	363	1
112	11	363	1
112	4	363	1
112	59	363	1
3	20	363	1
3	11	363	1
3	4	363	1
3	59	363	1
20	112	364	1
30	20	365	1
30	11	365	1
392	342	366	1
392	9	366	1
1	342	366	1
1	9	366	1
394	124	367	1
394	190	367	1
101	124	367	1
101	190	367	1
124	394	368	1
190	394	368	1
124	101	368	1
190	101	368	1
191	764	369	1
191	8	369	1
2	764	369	1
2	8	369	1
764	191	370	1
8	191	370	1
153	221	371	1
153	13	371	1
1	221	371	1
1	13	371	1
89	16	372	1
89	22	372	1
89	9	372	1
89	1	372	1
135	16	372	1
135	22	372	1
135	9	372	1
135	1	372	1
49	16	372	1
49	22	372	1
49	9	372	1
49	1	372	1
584	397	373	1
584	397	374	1
666	23	375	1
666	11	375	1
357	23	376	1
357	13	376	1
1	23	376	1
1	13	376	1
701	44	377	1
701	82	377	1
1	44	377	1
1	82	377	1
160	82	378	1
160	20	378	1
160	1	378	1
13	82	378	1
13	20	378	1
13	1	378	1
195	82	379	1
195	32	379	1
1	82	379	1
1	32	379	1
160	82	380	1
160	20	380	1
160	22	380	1
49	82	380	1
49	20	380	1
49	22	380	1
356	372	381	1
356	13	381	1
1	372	381	1
1	13	381	1
2	18	382	1
2	9	382	1
1	18	382	1
1	9	382	1
18	98	383	1
18	13	383	1
1	98	383	1
1	13	383	1
2	8	384	1
2	18	384	1
139	8	384	1
139	18	384	1
8	139	385	1
18	139	385	1
766	8	386	1
766	18	386	1
1	8	386	1
1	18	386	1
8	766	387	1
18	766	387	1
2	18	388	1
2	12	388	1
2	3	388	1
344	18	388	1
344	12	388	1
344	3	388	1
13	18	388	1
13	12	388	1
13	3	388	1
18	344	389	1
842	841	390	1
651	500	391	1
2	12	392	1
2	926	392	1
927	12	392	1
927	926	392	1
954	955	393	1
954	6	393	1
954	1	393	1
5	955	393	1
5	6	393	1
5	1	393	1
7	955	393	1
7	6	393	1
7	1	393	1
59	955	393	1
59	6	393	1
59	1	393	1
518	10	394	1
518	772	394	1
1	10	394	1
1	772	394	1
920	10	395	1
920	775	395	1
1	10	395	1
1	775	395	1
481	10	396	1
481	141	396	1
1	10	396	1
1	141	396	1
553	10	397	1
553	533	397	1
1	10	397	1
1	533	397	1
672	454	398	1
2	8	399	1
2	9	399	1
2	68	399	1
33	8	399	1
33	9	399	1
33	68	399	1
10	8	399	1
10	9	399	1
10	68	399	1
8	33	400	1
68	33	400	1
968	969	401	1
968	8	401	1
2	969	401	1
2	8	401	1
969	968	402	1
8	968	402	1
803	969	403	1
803	12	403	1
90	969	403	1
90	12	403	1
490	612	404	1
490	12	404	1
90	612	404	1
90	12	404	1
612	490	405	1
612	90	405	1
964	965	406	1
964	12	406	1
90	965	406	1
90	12	406	1
246	320	407	1
246	43	407	1
253	320	407	1
253	43	407	1
248	437	408	1
248	43	408	1
253	437	408	1
253	43	408	1
437	248	409	1
43	248	409	1
437	253	409	1
43	253	409	1
2	8	410	1
2	1028	410	1
969	8	410	1
969	1028	410	1
8	969	411	1
1028	969	411	1
2	8	412	1
2	1030	412	1
582	8	412	1
582	1030	412	1
8	582	413	1
1030	582	413	1
2	8	414	1
2	1031	414	1
1030	8	414	1
1030	1031	414	1
8	1030	415	1
1031	1030	415	1
1031	582	416	1
1031	12	416	1
1	582	416	1
1	12	416	1
582	1031	417	1
389	80	418	1
389	11	418	1
79	98	419	1
79	9	419	1
1	98	419	1
1	9	419	1
98	79	420	1
275	154	421	1
275	3	421	1
7	154	421	1
7	3	421	1
4	154	421	1
4	3	421	1
59	154	421	1
59	3	421	1
275	154	422	1
275	6	422	1
7	154	422	1
7	6	422	1
5	154	422	1
5	6	422	1
59	154	422	1
59	6	422	1
2	8	423	1
2	393	423	1
341	8	423	1
341	393	423	1
2	8	424	1
2	392	424	1
342	8	424	1
342	392	424	1
8	342	425	1
392	342	425	1
512	342	426	1
2	8	427	1
2	663	427	1
484	8	427	1
484	663	427	1
8	484	428	1
663	484	428	1
2	8	429	1
2	10	429	1
350	8	429	1
350	10	429	1
8	350	430	1
8	22	431	1
537	22	431	1
199	21	432	1
749	18	433	1
749	21	433	1
10	18	433	1
10	21	433	1
2	18	434	1
2	12	434	1
2	21	434	1
28	18	434	1
28	12	434	1
28	21	434	1
10	18	434	1
10	12	434	1
10	21	434	1
18	28	435	1
21	28	435	1
190	915	436	1
190	4	436	1
190	59	436	1
3	915	436	1
3	4	436	1
3	59	436	1
904	905	437	1
904	367	437	1
904	1	437	1
368	905	437	1
368	367	437	1
368	1	437	1
7	905	437	1
7	367	437	1
7	1	437	1
59	905	437	1
59	367	437	1
59	1	437	1
905	904	438	1
367	904	438	1
905	368	438	1
367	368	438	1
905	672	439	1
905	6	439	1
905	1	439	1
5	672	439	1
5	6	439	1
5	1	439	1
59	672	439	1
59	6	439	1
59	1	439	1
7	672	439	1
7	6	439	1
7	1	439	1
144	45	440	1
144	424	440	1
2	45	440	1
2	424	440	1
277	562	441	1
221	307	442	1
90	307	442	1
223	153	443	1
223	295	443	1
9	153	443	1
9	295	443	1
153	223	444	1
295	223	444	1
17	19	445	1
17	425	445	1
222	19	445	1
222	425	445	1
492	502	446	1
492	1	446	1
502	492	447	1
630	632	448	1
632	630	449	1
596	492	450	1
492	596	451	1
1024	1025	452	1
1024	9	452	1
461	1025	452	1
461	9	452	1
2	8	453	1
2	591	453	1
573	8	453	1
573	591	453	1
304	697	454	1
304	22	454	1
23	697	454	1
23	22	454	1
697	304	455	1
22	304	455	1
697	23	455	1
22	23	455	1
304	699	456	1
7	699	456	1
579	610	457	1
610	579	458	1
135	897	459	1
135	44	459	1
704	371	460	1
2	8	461	1
2	99	461	1
137	8	461	1
137	99	461	1
8	137	462	1
99	137	462	1
35	29	463	1
35	9	463	1
35	558	463	1
98	29	463	1
98	9	463	1
98	558	463	1
38	29	463	1
38	9	463	1
38	558	463	1
29	98	464	1
558	98	464	1
29	38	464	1
558	38	464	1
168	98	465	1
90	98	465	1
307	98	466	1
99	137	467	1
99	69	467	1
26	137	467	1
26	69	467	1
137	99	468	1
54	99	468	1
137	20	468	1
54	20	468	1
234	356	469	1
234	1	469	1
785	891	470	1
785	434	470	1
39	891	470	1
39	434	470	1
891	785	471	1
179	11	472	1
179	1	472	1
59	11	472	1
59	1	472	1
369	74	474	1
369	9	474	1
177	74	474	1
177	9	474	1
576	12	475	1
576	560	475	1
116	12	475	1
116	560	475	1
560	576	476	1
560	116	476	1
504	338	477	1
504	4	477	1
504	59	477	1
3	338	477	1
3	4	477	1
3	59	477	1
1	338	477	1
1	4	477	1
1	59	477	1
337	691	478	1
337	11	478	1
984	985	479	1
1	985	479	1
765	629	480	1
60	79	481	1
60	205	481	1
196	79	481	1
196	205	481	1
79	196	482	1
205	196	482	1
99	137	483	1
99	205	483	1
196	137	483	1
196	205	483	1
137	99	484	1
205	99	484	1
137	196	484	1
205	196	484	1
195	530	485	1
195	6	485	1
195	1	485	1
7	530	485	1
7	6	485	1
7	1	485	1
5	530	485	1
5	6	485	1
5	1	485	1
59	530	485	1
59	6	485	1
59	1	485	1
2	8	486	1
2	205	486	1
196	8	486	1
196	205	486	1
8	196	487	1
205	196	487	1
153	197	488	1
315	197	488	1
913	914	489	1
913	5	489	1
913	59	489	1
913	11	489	1
6	914	489	1
6	5	489	1
6	59	489	1
6	11	489	1
914	634	490	1
914	6	490	1
5	634	490	1
5	6	490	1
59	634	490	1
59	6	490	1
634	914	491	1
904	906	492	1
904	367	492	1
904	1	492	1
368	906	492	1
368	367	492	1
368	1	492	1
7	906	492	1
7	367	492	1
7	1	492	1
59	906	492	1
59	367	492	1
59	1	492	1
906	904	493	1
367	904	493	1
906	368	493	1
367	368	493	1
88	135	494	1
135	88	495	1
295	88	496	1
88	295	497	1
2	8	498	1
2	88	498	1
92	8	498	1
92	88	498	1
2	8	499	1
2	145	499	1
186	8	499	1
186	145	499	1
108	77	500	1
108	50	500	1
31	77	500	1
31	50	500	1
1	77	500	1
1	50	500	1
50	108	501	1
50	31	501	1
860	861	502	1
39	861	502	1
861	860	503	1
94	147	504	1
94	22	504	1
23	147	504	1
23	22	504	1
147	94	505	1
22	94	505	1
147	23	505	1
22	23	505	1
2	8	506	1
2	241	506	1
366	8	506	1
366	241	506	1
8	366	507	1
241	366	507	1
491	724	508	1
491	4	508	1
491	59	508	1
3	724	508	1
3	4	508	1
3	59	508	1
724	491	509	1
789	957	510	1
789	6	510	1
789	1	510	1
5	957	510	1
5	6	510	1
5	1	510	1
7	957	510	1
7	6	510	1
7	1	510	1
59	957	510	1
59	6	510	1
59	1	510	1
859	864	511	1
39	864	511	1
864	859	512	1
859	863	513	1
39	863	513	1
863	859	514	1
860	862	515	1
39	862	515	1
862	860	516	1
50	57	517	1
50	89	517	1
50	1	517	1
548	57	517	1
548	89	517	1
548	1	517	1
31	37	518	1
31	22	518	1
23	37	518	1
23	22	518	1
37	31	519	1
22	31	519	1
37	23	519	1
22	23	519	1
545	953	520	1
545	4	520	1
545	59	520	1
3	953	520	1
3	4	520	1
3	59	520	1
1	953	520	1
1	4	520	1
1	59	520	1
866	865	521	1
853	852	522	1
345	102	523	1
345	4	523	1
345	59	523	1
3	102	523	1
3	4	523	1
3	59	523	1
1	102	523	1
1	4	523	1
1	59	523	1
102	345	524	1
746	865	525	1
865	746	526	1
746	852	527	1
852	746	528	1
684	683	529	1
684	685	530	1
684	4	530	1
684	59	530	1
3	685	530	1
3	4	530	1
3	59	530	1
1	685	530	1
1	4	530	1
1	59	530	1
233	279	531	1
233	5	531	1
233	59	531	1
6	279	531	1
6	5	531	1
6	59	531	1
279	233	532	1
69	418	533	1
69	4	533	1
69	59	533	1
3	418	533	1
3	4	533	1
3	59	533	1
418	69	534	1
2	8	535	1
2	9	535	1
2	312	535	1
22	8	535	1
22	9	535	1
22	312	535	1
74	8	535	1
74	9	535	1
74	312	535	1
50	74	536	1
50	1	536	1
177	74	536	1
177	1	536	1
74	50	537	1
441	977	538	1
441	11	538	1
232	790	539	1
232	11	539	1
416	837	540	1
416	12	540	1
116	837	540	1
116	12	540	1
392	204	541	1
392	267	541	1
50	122	543	1
50	32	543	1
20	122	543	1
20	32	543	1
122	50	544	1
32	50	544	1
122	20	544	1
32	20	544	1
369	50	545	1
369	9	545	1
1	50	545	1
1	9	545	1
50	122	546	1
50	31	546	1
37	122	546	1
37	31	546	1
122	50	547	1
31	50	547	1
122	37	547	1
31	37	547	1
342	829	548	1
342	367	548	1
342	1	548	1
368	829	548	1
368	367	548	1
368	1	548	1
7	829	548	1
7	367	548	1
7	1	548	1
59	829	548	1
59	367	548	1
59	1	548	1
829	342	549	1
367	342	549	1
829	368	549	1
367	368	549	1
764	191	550	1
764	9	550	1
1	191	550	1
1	9	550	1
69	565	551	1
55	14	552	1
55	80	552	1
182	14	552	1
182	80	552	1
14	182	553	1
80	182	553	1
80	81	554	1
80	90	554	1
12	81	554	1
12	90	554	1
81	80	555	1
90	80	555	1
2	8	556	1
2	80	556	1
182	8	556	1
182	80	556	1
60	79	557	1
60	43	557	1
253	79	557	1
253	43	557	1
79	253	558	1
43	253	558	1
35	29	559	1
35	80	559	1
182	29	559	1
182	80	559	1
29	182	560	1
80	182	560	1
364	107	561	1
364	51	561	1
107	364	562	1
51	364	562	1
129	107	563	1
129	22	563	1
23	107	563	1
23	22	563	1
107	129	564	1
22	129	564	1
107	23	564	1
22	23	564	1
21	492	565	1
107	492	565	1
108	240	566	1
108	4	566	1
3	240	566	1
3	4	566	1
240	108	567	1
717	710	568	1
717	13	568	1
717	83	568	1
1	710	568	1
1	13	568	1
1	83	568	1
710	717	569	1
83	717	569	1
713	139	570	1
713	716	570	1
1	139	570	1
1	716	570	1
139	713	571	1
716	713	571	1
769	616	572	1
792	793	573	1
1	793	573	1
793	792	574	1
21	117	575	1
30	117	575	1
38	30	576	1
38	22	576	1
23	30	576	1
23	22	576	1
30	38	577	1
22	38	577	1
30	23	577	1
22	23	577	1
734	162	578	1
734	92	578	1
1	162	578	1
1	92	578	1
647	21	579	1
647	103	579	1
348	103	580	1
754	314	581	1
754	1	581	1
755	578	582	1
578	755	583	1
2	8	584	1
2	390	584	1
231	8	584	1
231	390	584	1
8	231	585	1
390	231	585	1
506	701	586	1
506	32	586	1
1	701	586	1
1	32	586	1
606	626	587	1
606	367	587	1
606	1	587	1
368	626	587	1
368	367	587	1
368	1	587	1
7	626	587	1
7	367	587	1
7	1	587	1
59	626	587	1
59	367	587	1
59	1	587	1
626	606	588	1
367	606	588	1
626	368	588	1
367	368	588	1
187	230	589	1
187	1	589	1
230	187	590	1
596	147	591	1
596	11	591	1
596	4	591	1
596	59	591	1
3	147	591	1
3	11	591	1
3	4	591	1
3	59	591	1
147	596	592	1
572	362	593	1
572	5	593	1
572	59	593	1
572	2	593	1
6	362	593	1
6	5	593	1
6	59	593	1
6	2	593	1
18	362	593	1
18	5	593	1
18	59	593	1
18	2	593	1
12	362	593	1
12	5	593	1
12	59	593	1
12	2	593	1
362	572	594	1
362	18	594	1
508	509	595	1
508	12	595	1
1	509	595	1
1	12	595	1
509	508	596	1
509	630	597	1
1	630	597	1
630	509	598	1
2	8	599	1
2	9	599	1
2	740	599	1
148	8	599	1
148	9	599	1
148	740	599	1
22	8	599	1
22	9	599	1
22	740	599	1
141	850	600	1
141	6	600	1
141	1	600	1
7	850	600	1
7	6	600	1
7	1	600	1
5	850	600	1
5	6	600	1
5	1	600	1
59	850	600	1
59	6	600	1
59	1	600	1
2	18	601	1
2	12	601	1
2	346	601	1
269	18	601	1
269	12	601	1
269	346	601	1
75	18	601	1
75	12	601	1
75	346	601	1
364	269	602	1
14	20	603	1
54	20	603	1
299	54	604	1
299	1	604	1
54	299	605	1
378	53	606	1
378	28	606	1
226	53	606	1
226	28	606	1
678	74	607	1
568	398	608	1
568	5	608	1
568	59	608	1
6	398	608	1
6	5	608	1
6	59	608	1
1	398	608	1
1	5	608	1
1	59	608	1
568	398	609	1
568	4	609	1
568	59	609	1
3	398	609	1
3	4	609	1
3	59	609	1
1	398	609	1
1	4	609	1
1	59	609	1
75	143	610	1
75	22	610	1
23	143	610	1
23	22	610	1
143	75	611	1
22	75	611	1
143	23	611	1
22	23	611	1
992	993	612	1
992	1	612	1
992	6	612	1
7	993	612	1
7	1	612	1
7	6	612	1
5	993	612	1
5	1	612	1
5	6	612	1
59	993	612	1
59	1	612	1
59	6	612	1
993	992	613	1
629	628	614	1
629	9	614	1
1	628	614	1
1	9	614	1
21	10	615	1
21	690	615	1
482	10	615	1
482	690	615	1
2	18	616	1
2	12	616	1
2	109	616	1
307	18	616	1
307	12	616	1
307	109	616	1
13	18	616	1
13	12	616	1
13	109	616	1
2	18	617	1
2	12	617	1
2	109	617	1
2	22	617	1
307	18	617	1
307	12	617	1
307	109	617	1
307	22	617	1
49	18	617	1
49	12	617	1
49	109	617	1
49	22	617	1
1	18	617	1
1	12	617	1
1	109	617	1
1	22	617	1
358	109	618	1
1	109	618	1
381	26	619	1
1	26	619	1
2	8	620	1
2	29	620	1
109	8	620	1
109	29	620	1
8	109	621	1
29	109	621	1
2	8	622	1
2	35	622	1
29	8	622	1
29	35	622	1
8	29	623	1
35	29	624	1
35	9	624	1
1	29	624	1
1	9	624	1
38	75	625	1
38	11	625	1
113	38	626	1
113	13	626	1
1	38	626	1
1	13	626	1
8	38	627	1
522	38	627	1
2	18	628	1
2	12	628	1
2	113	628	1
38	18	628	1
38	12	628	1
38	113	628	1
13	18	628	1
13	12	628	1
13	113	628	1
668	175	630	1
668	663	630	1
89	175	630	1
89	663	630	1
175	668	631	1
663	668	631	1
175	89	631	1
663	89	631	1
54	615	632	1
54	9	632	1
175	615	632	1
175	9	632	1
1	615	632	1
1	9	632	1
242	84	633	1
242	175	633	1
84	242	634	1
175	242	634	1
2	8	635	1
2	9	635	1
2	809	635	1
77	8	635	1
77	9	635	1
77	809	635	1
22	8	635	1
22	9	635	1
22	809	635	1
20	351	636	1
742	514	637	1
742	4	637	1
742	59	637	1
3	514	637	1
3	4	637	1
3	59	637	1
1	514	637	1
1	4	637	1
1	59	637	1
743	745	638	1
745	744	639	1
745	22	639	1
23	744	639	1
23	22	639	1
744	745	640	1
22	745	640	1
744	23	640	1
22	23	640	1
228	264	641	1
228	367	641	1
228	1	641	1
368	264	641	1
368	367	641	1
368	1	641	1
7	264	641	1
7	367	641	1
7	1	641	1
59	264	641	1
59	367	641	1
59	1	641	1
264	228	642	1
367	228	642	1
264	368	642	1
367	368	642	1
779	780	643	1
779	59	643	1
1	780	643	1
1	59	643	1
760	761	644	1
939	781	645	1
939	59	645	1
1	781	645	1
1	59	645	1
980	657	646	1
980	4	646	1
980	59	646	1
3	657	646	1
3	4	646	1
3	59	646	1
657	980	647	1
2	8	648	1
2	826	648	1
420	8	648	1
420	826	648	1
1027	96	649	1
1027	273	649	1
39	96	649	1
39	273	649	1
96	1027	650	1
273	1027	650	1
65	447	651	1
65	1	651	1
8	65	652	1
370	65	652	1
108	238	653	1
2	8	654	1
2	203	654	1
166	8	654	1
166	203	654	1
8	166	655	1
203	166	655	1
258	669	656	1
258	72	656	1
1	669	656	1
1	72	656	1
259	503	657	1
259	5	657	1
259	59	657	1
6	503	657	1
6	5	657	1
6	59	657	1
503	259	658	1
2	8	659	1
2	525	659	1
259	8	659	1
259	525	659	1
56	101	660	1
56	11	660	1
703	75	661	1
703	4	661	1
703	59	661	1
3	75	661	1
3	4	661	1
3	59	661	1
1	75	661	1
1	4	661	1
1	59	661	1
57	506	662	1
7	506	662	1
505	361	663	1
505	13	663	1
1	361	663	1
1	13	663	1
360	660	664	1
360	6	664	1
360	1	664	1
59	660	664	1
59	6	664	1
59	1	664	1
7	660	664	1
7	6	664	1
7	1	664	1
5	660	664	1
5	6	664	1
5	1	664	1
362	682	665	1
362	12	665	1
2	682	665	1
2	12	665	1
270	898	666	1
7	898	666	1
788	815	667	1
788	4	667	1
788	59	667	1
3	815	667	1
3	4	667	1
3	59	667	1
815	788	668	1
788	797	669	1
788	3	669	1
788	1	669	1
4	797	669	1
4	3	669	1
4	1	669	1
59	797	669	1
59	3	669	1
59	1	669	1
797	788	670	1
2	8	671	1
2	311	671	1
171	8	671	1
171	311	671	1
8	171	672	1
311	171	672	1
130	87	673	1
313	86	674	1
313	70	674	1
1	86	674	1
1	70	674	1
402	663	675	1
663	402	676	1
538	76	677	1
538	21	677	1
747	18	678	1
747	76	678	1
10	18	678	1
10	76	678	1
2	18	679	1
2	12	679	1
2	76	679	1
120	18	679	1
120	12	679	1
120	76	679	1
10	18	679	1
10	12	679	1
10	76	679	1
18	120	680	1
76	120	680	1
561	111	681	1
176	317	682	1
621	380	683	1
621	12	683	1
621	11	683	1
1009	380	683	1
1009	12	683	1
1009	11	683	1
7	868	684	1
7	1	684	1
867	868	684	1
867	1	684	1
59	868	684	1
59	1	684	1
452	265	685	1
721	722	686	1
721	11	686	1
2	12	687	1
2	749	687	1
28	12	687	1
28	749	687	1
476	27	688	1
476	59	688	1
867	27	688	1
867	59	688	1
27	476	689	1
950	478	690	1
950	952	690	1
1	478	690	1
1	952	690	1
478	950	691	1
951	478	692	1
951	952	692	1
1	478	692	1
1	952	692	1
478	951	693	1
2	8	694	1
2	320	694	1
152	8	694	1
152	320	694	1
8	152	695	1
320	152	695	1
539	587	696	1
539	1	696	1
587	539	697	1
2	8	698	1
2	9	698	1
2	541	698	1
611	8	698	1
611	9	698	1
611	541	698	1
8	611	699	1
541	611	699	1
581	596	700	1
17	19	701	1
17	605	701	1
671	19	701	1
671	605	701	1
19	671	702	1
605	671	702	1
2	8	703	1
2	594	703	1
563	8	703	1
563	594	703	1
8	563	704	1
594	563	704	1
227	554	705	1
899	804	706	1
899	44	706	1
899	151	706	1
7	804	706	1
7	44	706	1
7	151	706	1
899	405	707	1
899	44	707	1
7	405	707	1
7	44	707	1
665	663	708	1
665	9	708	1
1	663	708	1
1	9	708	1
931	932	709	1
931	21	709	1
148	77	710	1
148	618	710	1
614	77	710	1
614	618	710	1
618	148	711	1
618	614	711	1
936	935	712	1
74	363	713	1
74	184	713	1
23	363	713	1
23	184	713	1
402	418	714	1
402	4	714	1
402	59	714	1
3	418	714	1
3	4	714	1
3	59	714	1
418	402	715	1
626	599	716	1
626	11	716	1
626	5	716	1
626	59	716	1
6	599	716	1
6	11	716	1
6	5	716	1
6	59	716	1
442	156	717	1
442	4	717	1
442	59	717	1
3	156	717	1
3	4	717	1
3	59	717	1
156	442	718	1
844	373	719	1
844	5	719	1
844	59	719	1
6	373	719	1
6	5	719	1
6	59	719	1
263	680	720	1
263	22	720	1
23	680	720	1
23	22	720	1
680	263	721	1
22	263	721	1
680	23	721	1
22	23	721	1
74	363	722	1
74	22	722	1
23	363	722	1
23	22	722	1
58	121	723	1
58	22	723	1
23	121	723	1
23	22	723	1
121	58	724	1
22	58	724	1
121	23	724	1
22	23	724	1
339	58	725	1
339	1	725	1
339	11	725	1
58	121	726	1
58	32	726	1
20	121	726	1
20	32	726	1
121	58	727	1
32	58	727	1
121	20	727	1
32	20	727	1
84	130	728	1
84	9	728	1
1	130	728	1
1	9	728	1
2	8	729	1
2	84	729	1
130	8	729	1
130	84	729	1
8	130	730	1
84	130	730	1
89	84	731	1
84	89	732	1
555	407	733	1
90	407	733	1
407	734	734	1
407	2	734	1
8	734	734	1
8	2	734	1
734	407	735	1
734	8	735	1
115	10	736	1
115	158	736	1
1	10	736	1
1	158	736	1
524	114	737	1
524	92	737	1
1	114	737	1
1	92	737	1
650	115	738	1
650	115	739	1
203	135	740	1
203	11	740	1
203	4	740	1
203	59	740	1
3	135	740	1
3	11	740	1
3	4	740	1
3	59	740	1
135	203	741	1
732	733	742	1
732	4	742	1
732	59	742	1
3	733	742	1
3	4	742	1
3	59	742	1
1	733	742	1
1	4	742	1
1	59	742	1
729	730	743	1
729	19	743	1
17	730	743	1
17	19	743	1
432	548	744	1
432	11	744	1
432	1	744	1
799	877	745	1
799	6	745	1
799	1	745	1
5	877	745	1
5	6	745	1
5	1	745	1
7	877	745	1
7	6	745	1
7	1	745	1
59	877	745	1
59	6	745	1
59	1	745	1
877	799	746	1
2	8	747	1
2	16	747	1
159	8	747	1
159	16	747	1
8	159	748	1
16	159	748	1
877	881	749	1
39	881	749	1
881	877	750	1
878	879	751	1
878	6	751	1
878	1	751	1
5	879	751	1
5	6	751	1
5	1	751	1
7	879	751	1
7	6	751	1
7	1	751	1
59	879	751	1
59	6	751	1
59	1	751	1
879	878	752	1
878	882	753	1
878	1	753	1
39	882	753	1
39	1	753	1
882	878	754	1
846	880	755	1
846	6	755	1
846	1	755	1
5	880	755	1
5	6	755	1
5	1	755	1
7	880	755	1
7	6	755	1
7	1	755	1
59	880	755	1
59	6	755	1
59	1	755	1
880	846	756	1
180	168	757	1
180	295	757	1
9	168	757	1
9	295	757	1
168	180	758	1
295	180	758	1
201	181	759	1
201	33	759	1
93	181	759	1
93	33	759	1
930	929	760	1
48	12	761	1
48	707	761	1
776	12	761	1
776	707	761	1
707	776	762	1
61	404	763	1
61	22	763	1
23	404	763	1
23	22	763	1
404	61	764	1
22	61	764	1
404	23	764	1
22	23	764	1
994	995	765	1
994	1	765	1
994	6	765	1
7	995	765	1
7	1	765	1
7	6	765	1
5	995	765	1
5	1	765	1
5	6	765	1
59	995	765	1
59	1	765	1
59	6	765	1
133	334	766	1
681	193	767	1
681	11	767	1
987	986	768	1
2	8	769	1
2	621	769	1
609	8	769	1
609	621	769	1
8	609	770	1
621	609	770	1
606	624	771	1
606	367	771	1
606	1	771	1
368	624	771	1
368	367	771	1
368	1	771	1
7	624	771	1
7	367	771	1
7	1	771	1
59	624	771	1
59	367	771	1
59	1	771	1
624	606	772	1
367	606	772	1
624	368	772	1
367	368	772	1
73	29	773	1
73	735	773	1
607	29	773	1
607	735	773	1
29	73	774	1
735	73	774	1
29	607	774	1
735	607	774	1
675	608	775	1
675	4	775	1
675	59	775	1
3	608	775	1
3	4	775	1
3	59	775	1
1	608	775	1
1	4	775	1
1	59	775	1
2	8	776	1
2	41	776	1
144	8	776	1
144	41	776	1
8	144	777	1
41	144	778	1
41	9	778	1
1	144	778	1
1	9	778	1
49	523	779	1
90	523	779	1
49	22	779	1
90	22	779	1
82	586	780	1
90	586	780	1
665	84	781	1
665	89	781	1
84	665	782	1
89	665	782	1
626	599	783	1
626	11	783	1
626	4	783	1
626	59	783	1
3	599	783	1
3	11	783	1
3	4	783	1
3	59	783	1
2	12	784	1
2	737	784	1
91	12	784	1
91	737	784	1
326	190	785	1
326	703	785	1
326	24	785	1
7	190	785	1
7	703	785	1
7	24	785	1
1	190	785	1
1	703	785	1
1	24	785	1
190	101	786	1
190	703	786	1
190	24	786	1
7	101	786	1
7	703	786	1
7	24	786	1
1	101	786	1
1	703	786	1
1	24	786	1
294	101	787	1
294	983	787	1
294	24	787	1
7	101	787	1
7	983	787	1
7	24	787	1
1	101	787	1
1	983	787	1
1	24	787	1
145	836	788	1
145	89	788	1
52	836	788	1
52	89	788	1
836	145	789	1
89	145	789	1
668	836	790	1
668	88	790	1
52	836	790	1
52	88	790	1
836	668	791	1
88	668	791	1
48	12	792	1
48	706	792	1
551	12	792	1
551	706	792	1
706	551	793	1
449	695	794	1
7	695	794	1
2	8	795	1
2	242	795	1
668	8	795	1
668	242	795	1
8	668	796	1
242	668	796	1
242	668	797	1
242	9	797	1
1	668	797	1
1	9	797	1
377	455	798	1
376	534	799	1
376	11	799	1
17	19	800	1
17	491	800	1
376	19	800	1
376	491	800	1
63	28	801	1
63	4	801	1
63	59	801	1
3	28	801	1
3	4	801	1
3	59	801	1
1	28	801	1
1	4	801	1
1	59	801	1
146	33	802	1
146	4	802	1
146	59	802	1
3	33	802	1
3	4	802	1
3	59	802	1
1	33	802	1
1	4	802	1
1	59	802	1
146	33	803	1
146	5	803	1
146	59	803	1
6	33	803	1
6	5	803	1
6	59	803	1
1	33	803	1
1	5	803	1
1	59	803	1
36	244	804	1
23	244	804	1
37	119	805	1
60	79	806	1
60	9	806	1
1	79	806	1
1	9	806	1
20	637	807	1
20	11	807	1
52	637	807	1
52	11	807	1
131	83	808	1
131	13	808	1
756	83	809	1
110	18	810	1
90	18	810	1
284	18	811	1
1	18	811	1
646	648	812	1
646	21	812	1
243	416	813	1
243	12	813	1
97	416	813	1
97	12	813	1
2	8	814	1
2	55	814	1
14	8	814	1
14	55	814	1
8	14	815	1
14	80	816	1
14	9	816	1
1	80	816	1
1	9	816	1
2	8	817	1
2	14	817	1
80	8	817	1
80	14	817	1
8	80	818	1
14	80	818	1
55	14	819	1
55	9	819	1
1	14	819	1
1	9	819	1
2	8	820	1
2	1019	820	1
179	8	820	1
179	1019	820	1
1022	806	822	1
1022	6	822	1
1022	1	822	1
5	806	822	1
5	6	822	1
5	1	822	1
59	806	822	1
59	6	822	1
59	1	822	1
7	806	822	1
7	6	822	1
7	1	822	1
1017	20	823	1
1017	13	823	1
1	20	823	1
1	13	823	1
1018	83	824	1
1018	13	824	1
1	83	824	1
1	13	824	1
373	44	825	1
373	39	825	1
1	44	825	1
1	39	825	1
49	22	827	1
23	22	827	1
527	978	828	1
527	6	828	1
5	978	828	1
5	6	828	1
59	978	828	1
59	6	828	1
2	8	829	1
2	89	829	1
286	8	829	1
286	89	829	1
183	18	830	1
183	88	830	1
1	18	830	1
1	88	830	1
162	407	831	1
90	407	831	1
162	8	831	1
90	8	831	1
2	8	832	1
2	305	832	1
276	8	832	1
276	305	832	1
8	276	833	1
305	276	833	1
2	8	834	1
2	430	834	1
826	8	834	1
826	430	834	1
48	12	835	1
48	283	835	1
204	12	835	1
204	283	835	1
283	204	836	1
418	203	837	1
1	203	837	1
632	613	838	1
632	614	838	1
632	22	838	1
49	613	838	1
49	614	838	1
49	22	838	1
365	710	839	1
365	28	839	1
443	710	839	1
443	28	839	1
710	365	840	1
28	365	840	1
23	68	841	1
23	11	841	1
23	4	841	1
23	59	841	1
10	68	841	1
10	11	841	1
10	4	841	1
10	59	841	1
3	68	841	1
3	11	841	1
3	4	841	1
3	59	841	1
384	72	842	1
384	9	842	1
1	72	842	1
1	9	842	1
281	676	843	1
281	13	843	1
1	676	843	1
1	13	843	1
281	110	844	1
281	315	844	1
9	110	844	1
9	315	844	1
110	281	845	1
315	281	845	1
174	64	846	1
64	174	847	1
60	79	848	1
60	207	848	1
64	79	848	1
64	207	848	1
69	64	849	1
64	69	850	1
292	37	851	1
292	65	851	1
37	292	852	1
65	292	852	1
892	893	853	1
892	838	853	1
39	893	853	1
39	838	853	1
893	892	854	1
813	894	855	1
813	838	855	1
39	894	855	1
39	838	855	1
59	894	855	1
59	838	855	1
894	813	856	1
688	689	857	1
688	4	857	1
688	59	857	1
3	689	857	1
3	4	857	1
3	59	857	1
1	689	857	1
1	4	857	1
1	59	857	1
2	18	858	1
2	12	858	1
2	188	858	1
138	18	858	1
138	12	858	1
138	188	858	1
10	18	858	1
10	12	858	1
10	188	858	1
23	501	859	1
9	2	860	1
9	53	860	1
9	1	860	1
12	2	860	1
12	53	860	1
12	1	860	1
17	2	860	1
17	53	860	1
17	1	860	1
17	394	861	1
17	11	861	1
59	394	861	1
59	11	861	1
2	8	862	1
2	46	862	1
164	8	862	1
164	46	862	1
8	164	863	1
46	164	864	1
46	9	864	1
1	164	864	1
1	9	864	1
330	972	865	1
330	6	865	1
330	1	865	1
5	972	865	1
5	6	865	1
5	1	865	1
59	972	865	1
59	6	865	1
59	1	865	1
7	972	865	1
7	6	865	1
7	1	865	1
330	971	866	1
330	6	866	1
330	1	866	1
5	971	866	1
5	6	866	1
5	1	866	1
59	971	866	1
59	6	866	1
59	1	866	1
7	971	866	1
7	6	866	1
7	1	866	1
632	614	867	1
632	613	867	1
632	1	867	1
13	614	867	1
13	613	867	1
13	1	867	1
15	18	868	1
15	916	868	1
2	8	869	1
2	547	869	1
346	8	869	1
346	547	869	1
8	346	870	1
547	346	870	1
466	345	871	1
387	345	872	1
387	9	872	1
1	345	872	1
1	9	872	1
159	189	873	1
21	10	874	1
21	209	874	1
205	10	874	1
205	209	874	1
2	8	875	1
2	430	875	1
428	8	875	1
428	430	875	1
178	211	876	1
178	80	876	1
182	211	876	1
182	80	876	1
293	679	877	1
293	22	877	1
23	679	877	1
23	22	877	1
679	293	878	1
22	293	878	1
679	23	878	1
22	23	878	1
290	532	879	1
544	39	880	1
544	279	880	1
279	544	881	1
291	791	882	1
291	4	882	1
291	59	882	1
3	791	882	1
3	4	882	1
3	59	882	1
1	791	882	1
1	4	882	1
1	59	882	1
291	791	883	1
291	5	883	1
291	59	883	1
6	791	883	1
6	5	883	1
6	59	883	1
1	791	883	1
1	5	883	1
1	59	883	1
63	251	884	1
2	8	885	1
2	207	885	1
64	8	885	1
64	207	885	1
131	31	886	1
131	63	886	1
31	131	887	1
63	131	887	1
900	901	888	1
901	900	889	1
901	899	890	1
901	9	890	1
1	899	890	1
1	9	890	1
236	56	891	1
236	297	891	1
22	56	891	1
22	297	891	1
56	236	892	1
297	236	892	1
56	22	892	1
297	22	892	1
123	9	893	1
123	237	893	1
38	9	893	1
38	237	893	1
123	9	894	1
123	194	894	1
56	9	894	1
56	194	894	1
919	942	896	1
919	24	896	1
7	942	896	1
7	24	896	1
943	920	897	1
943	21	897	1
786	1004	898	1
786	1	898	1
786	6	898	1
7	1004	898	1
7	1	898	1
7	6	898	1
5	1004	898	1
5	1	898	1
5	6	898	1
59	1004	898	1
59	1	898	1
59	6	898	1
796	839	899	1
796	6	899	1
796	51	899	1
796	1	899	1
5	839	899	1
5	6	899	1
5	51	899	1
5	1	899	1
7	839	899	1
7	6	899	1
7	51	899	1
7	1	899	1
59	839	899	1
59	6	899	1
59	51	899	1
59	1	899	1
973	1003	900	1
973	1	900	1
973	6	900	1
7	1003	900	1
7	1	900	1
7	6	900	1
5	1003	900	1
5	1	900	1
5	6	900	1
59	1003	900	1
59	1	900	1
59	6	900	1
534	379	901	1
534	11	901	1
534	1	901	1
7	379	901	1
7	11	901	1
7	1	901	1
621	12	902	1
621	380	902	1
589	12	902	1
589	380	902	1
379	476	903	1
379	24	903	1
7	476	903	1
7	24	903	1
476	379	904	1
939	778	905	1
140	306	906	1
140	5	906	1
140	59	906	1
6	306	906	1
6	5	906	1
6	59	906	1
140	306	907	1
140	4	907	1
140	59	907	1
3	306	907	1
3	4	907	1
3	59	907	1
779	777	908	1
970	832	909	1
970	13	909	1
1	832	909	1
1	13	909	1
35	358	910	1
35	12	910	1
55	12	912	1
55	136	912	1
979	12	912	1
979	136	912	1
136	979	913	1
1026	723	914	1
1026	867	914	1
59	723	914	1
59	867	914	1
723	1026	915	1
48	85	916	1
48	9	916	1
1	85	916	1
1	9	916	1
17	19	917	1
17	491	917	1
896	19	917	1
896	491	917	1
2	12	918	1
2	350	918	1
393	12	918	1
393	350	918	1
20	165	919	1
20	23	919	1
382	165	919	1
382	23	919	1
165	20	920	1
23	20	920	1
165	382	920	1
23	382	920	1
50	593	921	1
50	31	921	1
50	1	921	1
412	593	921	1
412	31	921	1
412	1	921	1
593	50	922	1
31	50	922	1
550	104	923	1
550	9	923	1
1	104	923	1
1	9	923	1
565	104	924	1
565	9	924	1
1	104	924	1
1	9	924	1
403	104	925	1
403	9	925	1
1	104	925	1
1	9	925	1
643	460	926	1
643	21	926	1
528	460	927	1
528	460	928	1
372	376	929	1
372	1	929	1
1016	1014	930	1
1016	22	930	1
23	1014	930	1
23	22	930	1
1014	1016	931	1
22	1016	931	1
1014	23	931	1
22	23	931	1
343	473	932	1
473	343	933	1
302	361	934	1
302	4	934	1
302	59	934	1
3	361	934	1
3	4	934	1
3	59	934	1
1	361	934	1
1	4	934	1
1	59	934	1
340	855	935	1
340	6	935	1
340	1	935	1
5	855	935	1
5	6	935	1
5	1	935	1
7	855	935	1
7	6	935	1
7	1	935	1
59	855	935	1
59	6	935	1
59	1	935	1
340	854	936	1
340	6	936	1
340	1	936	1
5	854	936	1
5	6	936	1
5	1	936	1
7	854	936	1
7	6	936	1
7	1	936	1
59	854	936	1
59	6	936	1
59	1	936	1
855	858	937	1
39	858	937	1
55	12	938	1
55	25	938	1
78	12	938	1
78	25	938	1
25	78	939	1
855	857	940	1
39	857	940	1
871	873	941	1
39	873	941	1
27	902	942	1
27	12	942	1
1	902	942	1
1	12	942	1
243	902	942	1
243	12	942	1
902	27	943	1
902	243	943	1
34	14	944	1
34	607	944	1
603	14	944	1
603	607	944	1
57	198	945	1
57	58	945	1
121	198	945	1
121	58	945	1
163	121	946	1
163	1	946	1
163	11	946	1
531	134	947	1
8	134	948	1
150	134	948	1
2	8	949	1
2	134	949	1
167	8	949	1
167	134	949	1
8	167	950	1
134	167	950	1
2	8	951	1
2	1015	951	1
824	8	951	1
824	1015	951	1
8	824	952	1
1015	824	952	1
63	637	953	1
52	637	953	1
637	63	954	1
5	6	955	1
5	1	955	1
5	719	955	1
59	6	955	1
59	1	955	1
59	719	955	1
990	6	955	1
990	1	955	1
990	719	955	1
719	990	956	1
844	373	957	1
844	4	957	1
844	59	957	1
3	373	957	1
3	4	957	1
3	59	957	1
649	648	958	1
649	6	958	1
5	648	958	1
5	6	958	1
59	648	958	1
59	6	958	1
610	900	959	1
610	1	959	1
42	18	960	1
42	9	960	1
1	18	960	1
1	9	960	1
900	899	961	1
900	9	961	1
1	899	961	1
1	9	961	1
99	137	962	1
99	385	962	1
333	137	962	1
333	385	962	1
394	124	963	1
394	326	963	1
190	124	963	1
190	326	963	1
124	394	964	1
326	394	964	1
124	190	964	1
326	190	964	1
325	867	965	1
325	724	965	1
59	867	965	1
59	724	965	1
724	325	966	1
2	8	967	1
2	385	967	1
333	8	967	1
333	385	967	1
405	53	968	1
405	23	968	1
22	53	968	1
22	23	968	1
53	405	969	1
23	405	969	1
53	22	969	1
23	22	969	1
559	592	970	1
559	77	970	1
240	592	970	1
240	77	970	1
1	592	970	1
1	77	970	1
592	559	971	1
592	240	971	1
636	409	972	1
966	967	973	1
966	18	973	1
966	12	973	1
966	22	973	1
2	967	973	1
2	18	973	1
2	12	973	1
2	22	973	1
49	967	973	1
49	18	973	1
49	12	973	1
49	22	973	1
1	967	973	1
1	18	973	1
1	12	973	1
1	22	973	1
967	966	974	1
18	966	974	1
22	966	974	1
967	49	974	1
18	49	974	1
22	49	974	1
802	967	975	1
802	12	975	1
90	967	975	1
90	12	975	1
967	802	976	1
967	90	976	1
612	966	977	1
612	4	977	1
612	59	977	1
3	966	977	1
3	4	977	1
3	59	977	1
1	966	977	1
1	4	977	1
1	59	977	1
966	612	978	1
351	637	979	1
351	20	979	1
52	637	979	1
52	20	979	1
637	351	980	1
20	351	980	1
351	567	981	1
351	6	981	1
5	567	981	1
5	6	981	1
59	567	981	1
59	6	981	1
474	352	982	1
236	421	983	1
236	22	983	1
23	421	983	1
23	22	983	1
421	236	984	1
22	236	984	1
421	23	984	1
22	23	984	1
68	234	985	1
68	10	985	1
68	11	985	1
31	234	985	1
31	10	985	1
31	11	985	1
234	68	986	1
234	31	986	1
2	8	987	1
2	437	987	1
215	8	987	1
215	437	987	1
8	215	988	1
437	215	988	1
247	213	989	1
247	9	989	1
1	213	989	1
1	9	989	1
2	8	990	1
2	213	990	1
214	8	990	1
214	213	990	1
8	214	991	1
213	214	991	1
247	213	992	1
247	80	992	1
182	213	992	1
182	80	992	1
247	213	993	1
247	43	993	1
253	213	993	1
253	43	993	1
213	247	994	1
43	247	994	1
213	253	994	1
43	253	994	1
178	211	995	1
178	43	995	1
253	211	995	1
253	43	995	1
211	178	996	1
43	178	996	1
211	253	996	1
43	253	996	1
2	8	997	1
2	211	997	1
212	8	997	1
212	211	997	1
8	212	998	1
211	212	998	1
2	8	999	1
2	247	999	1
213	8	999	1
213	247	999	1
8	213	1000	1
247	213	1000	1
213	214	1001	1
213	9	1001	1
1	214	1001	1
1	9	1001	1
2	8	1002	1
2	9	1002	1
2	5	1002	1
631	8	1002	1
631	9	1002	1
631	5	1002	1
1012	631	1003	1
631	1012	1004	1
1011	627	1005	1
627	1011	1006	1
8	446	1007	1
123	446	1007	1
439	11	1008	1
439	1	1008	1
23	22	1010	1
400	22	1011	1
400	4	1011	1
400	59	1011	1
3	22	1011	1
3	4	1011	1
3	59	1011	1
1	22	1011	1
1	4	1011	1
1	59	1011	1
23	22	1012	1
811	812	1013	1
811	8	1013	1
2	812	1013	1
2	8	1013	1
812	811	1014	1
8	811	1014	1
747	120	1015	1
263	155	1016	1
263	11	1016	1
20	753	1017	1
20	11	1017	1
83	753	1017	1
83	11	1017	1
591	393	1018	1
591	11	1018	1
391	483	1019	1
391	33	1019	1
74	483	1019	1
74	33	1019	1
1006	1007	1020	1
380	218	1021	1
380	9	1021	1
1	218	1021	1
1	9	1021	1
429	218	1022	1
585	218	1022	1
50	57	1023	1
50	1	1023	1
249	57	1023	1
249	1	1023	1
54	9	1024	1
54	427	1024	1
525	9	1024	1
525	427	1024	1
428	419	1025	1
428	9	1025	1
1	419	1025	1
1	9	1025	1
794	633	1026	1
794	6	1026	1
794	1	1026	1
5	633	1026	1
5	6	1026	1
5	1	1026	1
7	633	1026	1
7	6	1026	1
7	1	1026	1
59	633	1026	1
59	6	1026	1
59	1	1026	1
924	925	1027	1
924	1	1027	1
925	924	1028	1
925	228	1029	1
925	6	1029	1
5	228	1029	1
5	6	1029	1
59	228	1029	1
59	6	1029	1
21	112	1030	1
37	112	1030	1
187	33	1031	1
187	37	1031	1
33	187	1032	1
37	187	1032	1
2	8	1033	1
2	9	1033	1
2	240	1033	1
546	8	1033	1
546	9	1033	1
546	240	1033	1
59	8	1033	1
59	9	1033	1
59	240	1033	1
546	240	1034	1
546	1	1034	1
688	689	1035	1
688	5	1035	1
688	59	1035	1
6	689	1035	1
6	5	1035	1
6	59	1035	1
1	689	1035	1
1	5	1035	1
1	59	1035	1
497	190	1036	1
497	983	1036	1
497	24	1036	1
7	190	1036	1
7	983	1036	1
7	24	1036	1
1	190	1036	1
1	983	1036	1
1	24	1036	1
598	478	1037	1
1	478	1037	1
478	598	1038	1
22	200	1040	1
22	11	1040	1
235	23	1041	1
235	5	1041	1
235	59	1041	1
6	23	1041	1
6	5	1041	1
6	59	1041	1
1	23	1041	1
1	5	1041	1
1	59	1041	1
187	23	1042	1
187	11	1042	1
187	5	1042	1
187	59	1042	1
6	23	1042	1
6	11	1042	1
6	5	1042	1
6	59	1042	1
23	187	1043	1
974	1018	1044	1
99	137	1045	1
99	174	1045	1
118	137	1045	1
118	174	1045	1
945	922	1046	1
945	21	1046	1
921	944	1047	1
921	24	1047	1
7	944	1047	1
7	24	1047	1
387	426	1048	1
387	22	1048	1
23	426	1048	1
23	22	1048	1
426	387	1049	1
22	387	1049	1
426	23	1049	1
22	23	1049	1
2	8	1050	1
2	395	1050	1
390	8	1050	1
390	395	1050	1
8	390	1051	1
395	390	1051	1
262	229	1052	1
980	657	1053	1
980	5	1053	1
980	59	1053	1
6	657	1053	1
6	5	1053	1
6	59	1053	1
657	980	1054	1
602	415	1055	1
602	9	1055	1
1	415	1055	1
1	9	1055	1
414	639	1056	1
414	6	1056	1
414	1	1056	1
59	639	1056	1
59	6	1056	1
59	1	1056	1
7	639	1056	1
7	6	1056	1
7	1	1056	1
5	639	1056	1
5	6	1056	1
5	1	1056	1
459	316	1057	1
459	8	1057	1
677	463	1058	1
677	11	1058	1
677	5	1058	1
677	59	1058	1
6	463	1058	1
6	11	1058	1
6	5	1058	1
6	59	1058	1
549	677	1059	1
2	8	1060	1
2	246	1060	1
320	8	1060	1
320	246	1060	1
8	320	1061	1
246	320	1061	1
2	8	1062	1
2	245	1062	1
524	8	1062	1
524	245	1062	1
417	132	1063	1
417	70	1063	1
1	132	1063	1
1	70	1063	1
2	8	1064	1
2	430	1064	1
420	8	1064	1
420	430	1064	1
333	72	1065	1
333	4	1065	1
333	59	1065	1
3	72	1065	1
3	4	1065	1
3	59	1065	1
72	333	1066	1
60	79	1067	1
60	64	1067	1
72	79	1067	1
72	64	1067	1
534	723	1068	1
534	24	1068	1
7	723	1068	1
7	24	1068	1
723	534	1069	1
530	696	1070	1
530	22	1070	1
23	696	1070	1
23	22	1070	1
696	530	1071	1
22	530	1071	1
696	23	1071	1
22	23	1071	1
369	531	1072	1
369	22	1072	1
23	531	1072	1
23	22	1072	1
531	369	1073	1
22	369	1073	1
531	23	1073	1
22	23	1073	1
824	411	1074	1
824	9	1074	1
1	411	1074	1
1	9	1074	1
332	496	1075	1
332	13	1075	1
1	496	1075	1
1	13	1075	1
496	332	1076	1
2	8	1077	1
2	1029	1077	1
1028	8	1077	1
1028	1029	1077	1
8	1028	1078	1
1029	1028	1078	1
556	303	1079	1
556	5	1079	1
556	59	1079	1
6	303	1079	1
6	5	1079	1
6	59	1079	1
1	303	1079	1
1	5	1079	1
1	59	1079	1
556	303	1080	1
556	4	1080	1
556	59	1080	1
3	303	1080	1
3	4	1080	1
3	59	1080	1
1	303	1080	1
1	4	1080	1
1	59	1080	1
516	982	1081	1
982	516	1082	1
8	20	1083	1
54	20	1083	1
20	21	1084	1
20	11	1084	1
20	4	1084	1
20	59	1084	1
10	21	1084	1
10	11	1084	1
10	4	1084	1
10	59	1084	1
3	21	1084	1
3	11	1084	1
3	4	1084	1
3	59	1084	1
818	282	1085	1
818	20	1085	1
200	146	1086	1
200	22	1086	1
23	146	1086	1
23	22	1086	1
146	200	1087	1
22	200	1087	1
146	23	1087	1
22	23	1087	1
668	88	1088	1
668	145	1088	1
89	88	1088	1
89	145	1088	1
88	668	1089	1
145	668	1089	1
88	89	1089	1
145	89	1089	1
909	910	1090	1
909	6	1090	1
5	910	1090	1
5	6	1090	1
59	910	1090	1
59	6	1090	1
830	831	1091	1
830	668	1091	1
88	831	1091	1
88	668	1091	1
831	830	1092	1
668	830	1092	1
831	88	1092	1
668	88	1092	1
17	19	1093	1
17	896	1093	1
376	19	1093	1
376	896	1093	1
17	19	1094	1
17	469	1094	1
529	19	1094	1
529	469	1094	1
19	529	1095	1
469	529	1095	1
391	83	1096	1
391	33	1096	1
391	13	1096	1
1	83	1096	1
1	33	1096	1
1	13	1096	1
727	975	1097	1
727	19	1097	1
17	975	1097	1
17	19	1097	1
975	727	1098	1
19	727	1098	1
843	511	1099	1
755	583	1100	1
318	381	1102	1
318	9	1102	1
1	381	1102	1
1	9	1102	1
29	20	1103	1
54	20	1103	1
35	29	1104	1
35	9	1104	1
35	68	1104	1
33	29	1104	1
33	9	1104	1
33	68	1104	1
10	29	1104	1
10	9	1104	1
10	68	1104	1
29	33	1105	1
68	33	1105	1
548	249	1106	1
548	89	1106	1
249	548	1107	1
89	548	1107	1
620	541	1108	1
620	11	1108	1
541	620	1109	1
822	30	1111	1
822	13	1111	1
331	698	1112	1
7	698	1112	1
20	63	1113	1
20	11	1113	1
20	755	1114	1
21	10	1115	1
21	28	1115	1
1	10	1115	1
1	28	1115	1
50	20	1116	1
50	13	1116	1
549	463	1117	1
362	193	1118	1
362	22	1118	1
23	193	1118	1
23	22	1118	1
193	362	1119	1
22	362	1119	1
193	23	1119	1
22	23	1119	1
702	193	1120	1
702	11	1120	1
702	4	1120	1
702	59	1120	1
3	193	1120	1
3	11	1120	1
3	4	1120	1
3	59	1120	1
193	702	1121	1
193	272	1122	1
193	11	1122	1
193	4	1122	1
193	59	1122	1
10	272	1122	1
10	11	1122	1
10	4	1122	1
10	59	1122	1
3	272	1122	1
3	11	1122	1
3	4	1122	1
3	59	1122	1
192	71	1123	1
192	457	1123	1
125	71	1123	1
125	457	1123	1
396	406	1125	1
396	4	1125	1
396	59	1125	1
3	406	1125	1
3	4	1125	1
3	59	1125	1
1	406	1125	1
1	4	1125	1
1	59	1125	1
911	912	1126	1
911	6	1126	1
5	912	1126	1
5	6	1126	1
59	912	1126	1
59	6	1126	1
152	215	1127	1
152	13	1127	1
1	215	1127	1
1	13	1127	1
349	271	1128	1
349	13	1128	1
1	271	1128	1
1	13	1128	1
243	327	1129	1
243	12	1129	1
243	6	1129	1
5	327	1129	1
5	12	1129	1
5	6	1129	1
59	327	1129	1
59	12	1129	1
59	6	1129	1
642	500	1130	1
642	21	1130	1
651	500	1131	1
260	8	1132	1
260	318	1132	1
69	8	1132	1
69	318	1132	1
8	260	1133	1
318	260	1133	1
8	69	1133	1
318	69	1133	1
928	805	1134	1
928	3	1134	1
4	805	1134	1
4	3	1134	1
59	805	1134	1
59	3	1134	1
810	127	1135	1
810	13	1135	1
1	127	1135	1
1	13	1135	1
306	768	1136	1
306	24	1136	1
7	768	1136	1
7	24	1136	1
55	12	1137	1
55	34	1137	1
604	12	1137	1
604	34	1137	1
34	604	1138	1
34	136	1139	1
136	34	1140	1
296	87	1141	1
296	9	1141	1
1	87	1141	1
1	9	1141	1
429	1010	1142	1
97	149	1143	1
149	97	1144	1
98	180	1145	1
98	9	1145	1
1	180	1145	1
1	9	1145	1
618	98	1146	1
624	821	1147	1
624	367	1147	1
624	1	1147	1
368	821	1147	1
368	367	1147	1
368	1	1147	1
7	821	1147	1
7	367	1147	1
7	1	1147	1
59	821	1147	1
59	367	1147	1
59	1	1147	1
821	624	1148	1
367	624	1148	1
821	368	1148	1
367	368	1148	1
821	626	1149	1
821	367	1149	1
821	1	1149	1
368	626	1149	1
368	367	1149	1
368	1	1149	1
7	626	1149	1
7	367	1149	1
7	1	1149	1
59	626	1149	1
59	367	1149	1
59	1	1149	1
626	821	1150	1
367	821	1150	1
626	368	1150	1
367	368	1150	1
2	8	1151	1
2	663	1151	1
72	8	1151	1
72	663	1151	1
8	72	1152	1
663	72	1152	1
3	18	1153	1
3	245	1153	1
1	18	1153	1
1	245	1153	1
638	510	1154	1
638	4	1154	1
638	59	1154	1
3	510	1154	1
3	4	1154	1
3	59	1154	1
1	510	1154	1
1	4	1154	1
1	59	1154	1
654	467	1155	1
654	467	1156	1
2	8	1157	1
2	9	1157	1
2	1020	1157	1
22	8	1157	1
22	9	1157	1
22	1020	1157	1
487	8	1157	1
487	9	1157	1
487	1020	1157	1
487	83	1158	1
487	22	1158	1
23	83	1158	1
23	22	1158	1
83	487	1159	1
22	487	1159	1
83	23	1159	1
22	23	1159	1
506	44	1160	1
506	195	1160	1
1	44	1160	1
1	195	1160	1
2	18	1161	1
2	12	1161	1
2	542	1161	1
194	18	1161	1
194	12	1161	1
194	542	1161	1
38	18	1161	1
38	12	1161	1
38	542	1161	1
18	194	1162	1
542	194	1162	1
18	38	1162	1
542	38	1162	1
195	423	1163	1
195	22	1163	1
23	423	1163	1
23	22	1163	1
423	195	1164	1
22	195	1164	1
423	23	1164	1
22	23	1164	1
100	51	1165	1
100	1	1165	1
24	51	1165	1
24	1	1165	1
78	311	1166	1
311	78	1167	1
762	705	1168	1
762	22	1168	1
720	494	1169	1
720	22	1169	1
323	20	1170	1
323	13	1170	1
402	418	1171	1
402	5	1171	1
402	59	1171	1
6	418	1171	1
6	5	1171	1
6	59	1171	1
418	402	1172	1
25	14	1173	1
25	318	1173	1
311	14	1173	1
311	318	1173	1
309	663	1174	1
309	9	1174	1
1	663	1174	1
1	9	1174	1
2	8	1175	1
2	309	1175	1
663	8	1175	1
663	309	1175	1
8	663	1176	1
309	663	1176	1
625	93	1177	1
625	614	1177	1
93	625	1178	1
614	625	1178	1
88	16	1179	1
88	22	1179	1
88	1	1179	1
88	9	1179	1
89	16	1179	1
89	22	1179	1
89	1	1179	1
89	9	1179	1
49	16	1179	1
49	22	1179	1
49	1	1179	1
49	9	1179	1
336	519	1180	1
680	825	1181	1
300	694	1182	1
300	319	1182	1
300	24	1182	1
300	59	1182	1
7	694	1182	1
7	319	1182	1
7	24	1182	1
7	59	1182	1
694	300	1183	1
854	856	1184	1
39	856	1184	1
128	219	1185	1
128	219	1186	1
21	208	1187	1
199	208	1187	1
456	673	1188	1
456	6	1188	1
456	1	1188	1
5	673	1188	1
5	6	1188	1
5	1	1188	1
59	673	1188	1
59	6	1188	1
59	1	1188	1
7	673	1188	1
7	6	1188	1
7	1	1188	1
907	908	1189	1
907	367	1189	1
907	1	1189	1
368	908	1189	1
368	367	1189	1
368	1	1189	1
7	908	1189	1
7	367	1189	1
7	1	1189	1
59	908	1189	1
59	367	1189	1
59	1	1189	1
908	907	1190	1
367	907	1190	1
908	368	1190	1
367	368	1190	1
464	808	1191	1
464	19	1191	1
17	808	1191	1
17	19	1191	1
808	464	1192	1
19	464	1192	1
820	903	1193	1
820	6	1193	1
5	903	1193	1
5	6	1193	1
59	903	1193	1
59	6	1193	1
50	477	1194	1
50	1	1194	1
477	50	1195	1
23	667	1196	1
23	11	1196	1
52	667	1196	1
52	11	1196	1
308	310	1197	1
308	5	1197	1
6	310	1197	1
6	5	1197	1
59	310	1197	1
59	5	1197	1
310	308	1198	1
60	79	1199	1
60	80	1199	1
182	79	1199	1
182	80	1199	1
220	81	1200	1
220	13	1200	1
1	81	1200	1
1	13	1200	1
225	314	1201	1
225	22	1201	1
23	314	1201	1
23	22	1201	1
314	225	1202	1
22	225	1202	1
314	23	1202	1
22	23	1202	1
542	93	1203	1
542	47	1203	1
93	542	1204	1
47	542	1204	1
558	93	1205	1
558	18	1205	1
93	558	1206	1
18	558	1206	1
112	93	1207	1
112	1	1207	1
93	112	1208	1
182	81	1209	1
182	92	1209	1
1	81	1209	1
1	92	1209	1
992	1005	1210	1
992	1	1210	1
992	6	1210	1
7	1005	1210	1
7	1	1210	1
7	6	1210	1
5	1005	1210	1
5	1	1210	1
5	6	1210	1
59	1005	1210	1
59	1	1210	1
59	6	1210	1
1005	992	1211	1
755	637	1212	1
755	20	1212	1
52	637	1212	1
52	20	1212	1
637	755	1213	1
20	755	1213	1
617	590	1214	1
617	1	1214	1
617	9	1214	1
897	590	1214	1
897	1	1214	1
897	9	1214	1
692	693	1215	1
692	59	1215	1
692	4	1215	1
3	693	1215	1
3	59	1215	1
3	4	1215	1
1	693	1215	1
1	59	1215	1
1	4	1215	1
795	266	1216	1
795	21	1216	1
10	266	1216	1
10	21	1216	1
266	795	1217	1
21	795	1217	1
32	20	1218	1
32	31	1218	1
37	20	1218	1
37	31	1218	1
20	32	1219	1
31	32	1219	1
20	37	1219	1
31	37	1219	1
246	320	1220	1
246	80	1220	1
182	320	1220	1
182	80	1220	1
918	10	1221	1
918	774	1221	1
1	10	1221	1
1	774	1221	1
228	10	1222	1
228	444	1222	1
1	10	1222	1
1	444	1222	1
470	10	1223	1
470	771	1223	1
1	10	1223	1
1	771	1223	1
264	10	1224	1
264	321	1224	1
1	10	1224	1
1	321	1224	1
471	10	1225	1
471	448	1225	1
1	10	1225	1
1	448	1225	1
800	801	1226	1
800	4	1226	1
800	59	1226	1
3	801	1226	1
3	4	1226	1
3	59	1226	1
1	801	1226	1
1	4	1226	1
1	59	1226	1
801	800	1227	1
800	801	1228	1
800	5	1228	1
800	59	1228	1
6	801	1228	1
6	5	1228	1
6	59	1228	1
1	801	1228	1
1	5	1228	1
1	59	1228	1
801	800	1229	1
800	827	1230	1
800	1	1230	1
39	827	1230	1
39	1	1230	1
827	800	1231	1
800	956	1232	1
800	3	1232	1
4	956	1232	1
4	3	1232	1
59	956	1232	1
59	3	1232	1
956	800	1233	1
39	440	1234	1
39	462	1234	1
466	102	1235	1
466	4	1235	1
466	59	1235	1
1	102	1235	1
1	4	1235	1
1	59	1235	1
3	102	1235	1
3	4	1235	1
3	59	1235	1
758	759	1236	1
758	9	1236	1
1	759	1236	1
1	9	1236	1
758	757	1237	1
758	22	1237	1
23	757	1237	1
23	22	1237	1
757	758	1238	1
22	758	1238	1
757	23	1238	1
22	23	1238	1
883	889	1239	1
883	434	1239	1
39	889	1239	1
39	434	1239	1
889	883	1240	1
206	416	1241	1
206	12	1241	1
97	416	1241	1
97	12	1241	1
889	887	1242	1
889	434	1242	1
39	887	1242	1
39	434	1242	1
887	889	1243	1
409	399	1244	1
409	367	1244	1
409	1	1244	1
368	399	1244	1
368	367	1244	1
368	1	1244	1
7	399	1244	1
7	367	1244	1
7	1	1244	1
59	399	1244	1
59	367	1244	1
59	1	1244	1
399	409	1245	1
367	409	1245	1
399	368	1245	1
367	368	1245	1
2	8	1246	1
2	9	1246	1
2	123	1246	1
179	8	1246	1
179	9	1246	1
179	123	1246	1
13	8	1246	1
13	9	1246	1
13	123	1246	1
8	592	1248	1
611	592	1248	1
22	592	1248	1
8	49	1248	1
611	49	1248	1
22	49	1248	1
201	237	1249	1
1	237	1249	1
237	201	1250	1
299	134	1251	1
134	299	1252	1
933	932	1253	1
764	204	1254	1
764	763	1254	1
934	935	1255	1
934	21	1255	1
293	268	1256	1
293	11	1256	1
30	38	1257	1
30	163	1257	1
339	38	1257	1
339	163	1257	1
38	30	1258	1
163	30	1258	1
38	339	1258	1
163	339	1258	1
946	996	1259	1
946	1	1259	1
946	6	1259	1
7	996	1259	1
7	1	1259	1
7	6	1259	1
5	996	1259	1
5	1	1259	1
5	6	1259	1
59	996	1259	1
59	1	1259	1
59	6	1259	1
996	946	1260	1
946	997	1261	1
946	1	1261	1
946	6	1261	1
7	997	1261	1
7	1	1261	1
7	6	1261	1
5	997	1261	1
5	1	1261	1
5	6	1261	1
59	997	1261	1
59	1	1261	1
59	6	1261	1
997	946	1262	1
998	999	1263	1
998	1	1263	1
998	6	1263	1
7	999	1263	1
7	1	1263	1
7	6	1263	1
5	999	1263	1
5	1	1263	1
5	6	1263	1
59	999	1263	1
59	1	1263	1
59	6	1263	1
999	998	1264	1
567	107	1265	1
567	1	1265	1
2	12	1266	1
2	709	1266	1
715	12	1266	1
715	709	1266	1
2	8	1268	1
2	714	1268	1
709	8	1268	1
709	714	1268	1
8	709	1269	1
714	709	1269	1
807	599	1270	1
807	5	1270	1
807	59	1270	1
6	599	1270	1
6	5	1270	1
6	59	1270	1
599	807	1271	1
998	1000	1272	1
998	1	1272	1
998	6	1272	1
7	1000	1272	1
7	1	1272	1
7	6	1272	1
5	1000	1272	1
5	1	1272	1
5	6	1272	1
59	1000	1272	1
59	1	1272	1
59	6	1272	1
1000	998	1273	1
370	11	1274	1
370	13	1274	1
1	11	1274	1
1	13	1274	1
24	7	1275	1
24	1	1275	1
2	8	1276	1
2	9	1276	1
2	30	1276	1
20	8	1276	1
20	9	1276	1
20	30	1276	1
179	8	1276	1
179	9	1276	1
179	30	1276	1
8	20	1277	1
30	20	1277	1
30	112	1278	1
2	8	1279	1
2	54	1279	1
2	11	1279	1
30	8	1279	1
30	54	1279	1
30	11	1279	1
8	30	1280	1
54	30	1280	1
488	30	1281	1
488	13	1281	1
1	30	1281	1
1	13	1281	1
663	175	1282	1
663	145	1282	1
89	175	1282	1
89	145	1282	1
175	663	1283	1
145	663	1283	1
175	89	1283	1
145	89	1283	1
753	845	1284	1
845	753	1285	1
845	754	1286	1
750	10	1287	1
750	751	1287	1
1	10	1287	1
1	751	1287	1
433	991	1288	1
433	3	1288	1
4	991	1288	1
4	3	1288	1
59	991	1288	1
59	3	1288	1
95	366	1289	1
366	95	1290	1
433	991	1291	1
433	6	1291	1
5	991	1291	1
5	6	1291	1
59	991	1291	1
59	6	1291	1
430	411	1292	1
430	8	1292	1
596	502	1293	1
596	1	1293	1
502	596	1294	1
329	552	1295	1
645	467	1296	1
645	21	1296	1
60	79	1297	1
60	385	1297	1
333	79	1297	1
333	385	1297	1
74	483	1298	1
974	483	1298	1
78	69	1299	1
69	78	1300	1
535	255	1301	1
535	4	1301	1
535	59	1301	1
3	255	1301	1
3	4	1301	1
3	59	1301	1
1	255	1301	1
1	4	1301	1
1	59	1301	1
60	79	1302	1
60	9	1302	1
60	274	1302	1
256	79	1302	1
256	9	1302	1
256	274	1302	1
10	79	1302	1
10	9	1302	1
10	274	1302	1
79	256	1303	1
274	256	1303	1
2	8	1304	1
2	9	1304	1
2	274	1304	1
256	8	1304	1
256	9	1304	1
256	274	1304	1
10	8	1304	1
10	9	1304	1
10	274	1304	1
8	256	1305	1
274	256	1305	1
35	29	1306	1
35	9	1306	1
35	274	1306	1
256	29	1306	1
256	9	1306	1
256	274	1306	1
10	29	1306	1
10	9	1306	1
10	274	1306	1
29	256	1307	1
274	256	1307	1
257	20	1308	1
257	13	1308	1
257	468	1308	1
1	20	1308	1
1	13	1308	1
1	468	1308	1
20	257	1309	1
468	257	1309	1
56	400	1310	1
56	22	1310	1
23	400	1310	1
23	22	1310	1
400	56	1311	1
22	56	1311	1
400	23	1311	1
22	23	1311	1
56	588	1312	1
56	22	1312	1
56	1	1312	1
23	588	1312	1
23	22	1312	1
23	1	1312	1
1002	817	1314	1
39	817	1314	1
817	1002	1315	1
786	1002	1316	1
786	1	1316	1
786	6	1316	1
7	1002	1316	1
7	1	1316	1
7	6	1316	1
5	1002	1316	1
5	1	1316	1
5	6	1316	1
59	1002	1316	1
59	1	1316	1
59	6	1316	1
537	400	1318	1
786	973	1319	1
786	1	1319	1
786	6	1319	1
7	973	1319	1
7	1	1319	1
7	6	1319	1
5	973	1319	1
5	1	1319	1
5	6	1319	1
59	973	1319	1
59	1	1319	1
59	6	1319	1
786	1001	1320	1
786	1	1320	1
786	6	1320	1
7	1001	1320	1
7	1	1320	1
7	6	1320	1
5	1001	1320	1
5	1	1320	1
5	6	1320	1
59	1001	1320	1
59	1	1320	1
59	6	1320	1
153	109	1321	1
90	109	1321	1
108	77	1322	1
108	364	1322	1
107	77	1322	1
107	364	1322	1
1	77	1322	1
1	364	1322	1
364	108	1323	1
364	107	1323	1
108	238	1324	1
31	108	1325	1
31	13	1325	1
31	11	1325	1
31	4	1325	1
31	59	1325	1
77	108	1325	1
77	13	1325	1
77	11	1325	1
77	4	1325	1
77	59	1325	1
3	108	1325	1
3	13	1325	1
3	11	1325	1
3	4	1325	1
3	59	1325	1
108	31	1326	1
108	240	1327	1
108	5	1327	1
6	240	1327	1
6	5	1327	1
240	108	1328	1
717	716	1329	1
717	13	1329	1
717	20	1329	1
1	716	1329	1
1	13	1329	1
1	20	1329	1
716	717	1330	1
20	717	1330	1
50	717	1331	1
50	1	1331	1
716	717	1331	1
716	1	1331	1
717	50	1332	1
717	716	1332	1
378	717	1333	1
378	28	1333	1
710	717	1333	1
710	28	1333	1
717	378	1334	1
28	378	1334	1
717	710	1334	1
28	710	1334	1
718	717	1335	1
718	9	1335	1
710	717	1335	1
710	9	1335	1
717	718	1336	1
717	710	1336	1
391	717	1337	1
391	33	1337	1
710	717	1337	1
710	33	1337	1
717	391	1338	1
33	391	1338	1
717	710	1338	1
33	710	1338	1
590	164	1339	1
590	617	1339	1
767	28	1340	1
767	13	1340	1
1	28	1340	1
1	13	1340	1
29	109	1341	1
29	9	1341	1
1	109	1341	1
1	9	1341	1
148	77	1342	1
148	592	1342	1
559	77	1342	1
559	592	1342	1
592	148	1343	1
592	559	1343	1
2	8	1344	1
2	9	1344	1
2	39	1344	1
312	8	1344	1
312	9	1344	1
312	39	1344	1
31	8	1344	1
31	9	1344	1
31	39	1344	1
39	440	1345	1
39	22	1345	1
1	440	1345	1
1	22	1345	1
574	421	1346	1
174	301	1347	1
301	174	1348	1
174	663	1349	1
663	174	1350	1
738	739	1351	1
738	44	1351	1
1	739	1351	1
1	44	1351	1
739	765	1352	1
765	739	1353	1
262	229	1354	1
2	8	1355	1
2	9	1355	1
2	229	1355	1
353	8	1355	1
353	9	1355	1
353	229	1355	1
22	8	1355	1
22	9	1355	1
22	229	1355	1
2	8	1356	1
2	402	1356	1
142	8	1356	1
142	402	1356	1
8	142	1357	1
402	142	1357	1
787	798	1358	1
787	6	1358	1
787	1	1358	1
5	798	1358	1
5	6	1358	1
5	1	1358	1
59	798	1358	1
59	6	1358	1
59	1	1358	1
7	798	1358	1
7	6	1358	1
7	1	1358	1
798	787	1359	1
171	142	1360	1
142	171	1361	1
25	78	1362	1
25	40	1362	1
241	78	1362	1
241	40	1362	1
78	25	1363	1
40	25	1363	1
78	241	1363	1
40	241	1363	1
960	961	1364	1
960	4	1364	1
960	59	1364	1
3	961	1364	1
3	4	1364	1
3	59	1364	1
1	961	1364	1
1	4	1364	1
1	59	1364	1
960	959	1365	1
526	87	1366	1
526	9	1366	1
1	87	1366	1
1	9	1366	1
486	261	1367	1
1	261	1367	1
261	292	1368	1
261	65	1368	1
1	292	1368	1
1	65	1368	1
57	198	1369	1
57	22	1369	1
23	198	1369	1
23	22	1369	1
359	503	1370	1
359	1	1370	1
503	359	1371	1
615	359	1372	1
615	9	1372	1
360	640	1373	1
360	6	1373	1
360	1	1373	1
59	640	1373	1
59	6	1373	1
59	1	1373	1
7	640	1373	1
7	6	1373	1
7	1	1373	1
5	640	1373	1
5	6	1373	1
5	1	1373	1
360	660	1374	1
360	3	1374	1
360	1	1374	1
59	660	1374	1
59	3	1374	1
59	1	1374	1
7	660	1374	1
7	3	1374	1
7	1	1374	1
4	660	1374	1
4	3	1374	1
4	1	1374	1
2	8	1375	1
2	289	1375	1
86	8	1375	1
86	289	1375	1
571	403	1376	1
571	9	1376	1
1	403	1376	1
1	9	1376	1
561	111	1377	1
209	604	1378	1
604	209	1379	1
2	8	1380	1
2	436	1380	1
435	8	1380	1
435	436	1380	1
8	435	1381	1
436	435	1381	1
785	814	1382	1
785	6	1382	1
785	1	1382	1
5	814	1382	1
5	6	1382	1
5	1	1382	1
7	814	1382	1
7	6	1382	1
7	1	1382	1
59	814	1382	1
59	6	1382	1
59	1	1382	1
785	890	1383	1
785	6	1383	1
785	1	1383	1
5	890	1383	1
5	6	1383	1
5	1	1383	1
7	890	1383	1
7	6	1383	1
7	1	1383	1
59	890	1383	1
59	6	1383	1
59	1	1383	1
253	182	1384	1
253	13	1384	1
1	182	1384	1
1	13	1384	1
389	181	1385	1
389	90	1385	1
12	181	1385	1
12	90	1385	1
181	389	1386	1
90	389	1386	1
937	938	1387	1
937	21	1387	1
2	18	1388	1
2	623	1388	1
431	18	1388	1
431	623	1388	1
18	431	1389	1
623	431	1389	1
628	170	1390	1
628	431	1390	1
170	628	1391	1
431	628	1391	1
586	432	1392	1
432	586	1393	1
949	520	1394	1
949	21	1394	1
10	520	1394	1
10	21	1394	1
947	948	1395	1
947	21	1395	1
10	948	1395	1
10	21	1395	1
2	8	1396	1
2	816	1396	1
411	8	1396	1
411	816	1396	1
8	411	1397	1
816	411	1397	1
394	124	1398	1
394	958	1398	1
453	124	1398	1
453	958	1398	1
124	394	1399	1
958	394	1399	1
124	453	1399	1
958	453	1399	1
2	8	1400	1
2	665	1400	1
663	8	1400	1
663	665	1400	1
662	719	1401	1
662	13	1401	1
662	83	1401	1
1	719	1401	1
1	13	1401	1
1	83	1401	1
719	662	1402	1
83	662	1402	1
2	9	1403	1
2	12	1403	1
2	712	1403	1
662	9	1403	1
662	12	1403	1
662	712	1403	1
1	9	1403	1
1	12	1403	1
1	712	1403	1
712	662	1404	1
55	14	1405	1
55	207	1405	1
64	14	1405	1
64	207	1405	1
14	64	1406	1
207	64	1406	1
799	876	1407	1
799	6	1407	1
799	1	1407	1
5	876	1407	1
5	6	1407	1
5	1	1407	1
7	876	1407	1
7	6	1407	1
7	1	1407	1
59	876	1407	1
59	6	1407	1
59	1	1407	1
876	799	1408	1
668	175	1409	1
668	64	1409	1
89	175	1409	1
89	64	1409	1
175	668	1410	1
64	668	1410	1
175	89	1410	1
64	89	1410	1
69	418	1411	1
69	5	1411	1
69	59	1411	1
6	418	1411	1
6	5	1411	1
6	59	1411	1
418	69	1412	1
44	59	1413	1
44	11	1413	1
44	4	1413	1
3	59	1413	1
3	11	1413	1
3	4	1413	1
55	14	1415	1
55	43	1415	1
253	14	1415	1
253	43	1415	1
14	253	1416	1
43	253	1416	1
35	29	1417	1
35	43	1417	1
253	29	1417	1
253	43	1417	1
29	253	1418	1
43	253	1418	1
85	43	1419	1
85	9	1419	1
1	43	1419	1
1	9	1419	1
2	8	1420	1
2	85	1420	1
43	8	1420	1
43	85	1420	1
8	43	1421	1
85	43	1421	1
2	8	1422	1
2	43	1422	1
253	8	1422	1
253	43	1422	1
8	253	1423	1
43	253	1423	1
