4	5
11	12
14	15
17	18
20	21
23	24
27	28
29	30
34	35
36	37
38	39
41	42
45	46
48	49
53	54
64	65
66	67
68	69
70	71
72	73
74	75
76	77
78	79
80	81
85	86
88	89
91	92
93	94
99	100
101	102
104	105
106	107
114	115
118	119
122	123
133	134
136	137
141	142
143	144
146	147
149	150
152	153
154	155
156	157
158	159
160	161
163	164
167	168
171	172
173	174
181	182
184	185
190	191
197	198
199	200
204	205
213	214
216	217
221	222
223	224
225	226
227	228
230	231
233	234
235	236
237	238
241	242
247	248
249	250
254	255
264	265
269	270
276	277
281	282
286	287
288	289
293	294
295	296
297	298
299	300
301	302
303	304
305	306
307	308
312	313
316	317
318	319
323	324
325	326
332	333
334	335
336	337
338	339
340	341
342	343
344	345
346	347
348	349
350	351
353	354
356	357
358	359
360	361
363	364
365	366
367	368
369	370
371	372
373	374
375	376
378	379
381	382
383	384
387	388
391	392
394	395
398	399
401	402
408	409
411	412
413	414
415	416
417	418
420	421
424	425
429	430
436	437
438	439
440	441
445	446
447	448
450	451
453	454
455	456
458	459
460	461
465	466
475	476
480	481
483	484
487	488
495	496
497	498
499	500
502	503
507	508
511	512
514	515
516	517
519	520
521	522
527	528
532	533
534	535
538	539
545	546
548	549
551	552
555	556
557	558
559	560
571	572
575	576
578	579
580	581
590	591
592	593
594	595
596	597
599	600
601	602
603	604
605	606
607	608
611	612
613	614
615	616
617	618
619	620
623	624
628	629
630	631
633	634
635	636
641	642
644	645
647	648
652	653
656	657
660	661
662	663
666	667
668	669
678	679
680	681
682	683
687	688
689	690
691	692
693	694
695	696
698	699
700	701
702	703
704	705
707	708
715	716
718	719
720	721
722	723
725	726
728	729
733	734
735	736
737	738
743	744
745	746
747	748
749	750
751	752
753	754
755	756
762	763
767	768
769	770
771	772
773	774
776	777
783	784
785	786
787	788
791	792
800	801
803	804
805	806
807	808
813	814
815	816
818	819
820	821
823	824
826	827
828	829
830	831
832	833
834	835
837	838
841	842
843	844
849	850
852	853
856	857
858	859
861	862
863	864
866	867
868	869
874	875
877	878
880	881
884	885
886	887
888	889
896	897
899	900
901	902
915	916
917	918
922	923
924	925
926	927
931	932
936	937
941	942
947	948
958	959
960	961
963	964
967	968
970	971
975	976
984	985
986	987
988	989
991	992
993	994
995	996
998	999
1000	1001
1004	1005
1009	1010
1020	1021
1025	1026
1028	1029
1031	1032
1034	1035
1039	1040
1043	1044
1045	1046
1050	1051
1052	1053
1055	1056
1060	1061
1066	1067
1069	1070
1071	1072
1073	1074
1075	1076
1077	1078
1079	1080
1081	1082
1084	1085
1086	1087
1088	1089
1091	1092
1094	1095
1099	1100
1101	1102
1106	1107
1108	1109
1110	1111
1114	1115
1116	1117
1119	1120
1122	1123
1126	1127
1131	1132
1133	1134
1135	1136
1137	1138
1140	1141
1144	1145
1150	1151
1161	1162
1164	1165
1168	1169
1170	1171
1175	1176
1178	1179
1180	1181
1183	1184
1186	1187
1189	1190
1201	1202
1206	1207
1208	1209
1211	1212
1214	1215
1216	1217
1219	1220
1221	1222
1223	1224
1225	1226
1227	1228
1230	1231
1232	1233
1238	1239
1240	1241
1244	1245
1248	1249
1250	1251
1263	1264
1265	1266
1271	1272
1273	1274
1276	1277
1278	1279
1280	1281
1284	1285
1286	1287
1293	1294
1296	1297
1300	1301
1306	1307
1311	1312
1316	1317
1318	1319
1322	1323
1324	1325
1326	1327
1328	1329
1332	1333
1336	1337
1340	1341
1347	1348
1350	1351
1353	1354
1358	1359
1360	1361
1362	1363
1365	1366
1367	1368
1369	1370
1371	1372
1373	1374
1375	1376
1377	1378
1380	1381
1383	1384
1388	1389
1395	1396
1406	1407
1410	1411
1416	1417
1419	1420
1424	1425
1427	1428
1429	1430
1434	1435
1439	1440
1441	1442
1443	1444
1445	1446
1448	1449
1452	1453
1458	1459
1461	1462
1463	1464
1467	1468
1469	1470
1471	1472
1473	1474
1475	1476
1477	1478
1480	1481
1483	1484
1485	1486
1487	1488
1490	1491
1493	1494
1495	1496
1497	1498
1499	1500
1502	1503
1504	1505
1507	1508
1509	1510
1511	1512
1514	1515
1516	1517
1518	1519
1524	1525
1526	1527
1528	1529
1530	1531
1532	1533
1541	1542
1549	1550
1553	1554
1555	1556
1557	1558
1560	1561
1565	1566
1567	1568
1569	1570
1571	1572
1578	1579
1582	1583
1586	1587
1592	1593
1598	1599
1601	1602
1604	1605
1608	1609
1619	1620
1622	1623
1626	1627
1631	1632
1633	1634
1635	1636
1637	1638
1643	1644
1647	1648
1651	1652
1653	1654
1656	1657
1658	1659
1663	1664
1668	1669
1670	1671
1673	1674
1675	1676
1678	1679
1683	1684
1686	1687
1691	1692
1693	1694
1698	1699
1700	1701
1702	1703
1711	1712
1714	1715
1716	1717
1721	1722
1730	1731
1732	1733
1734	1735
1736	1737
1743	1744
1745	1746
1748	1749
1751	1752
1757	1758
1763	1764
1765	1766
1767	1768
1769	1770
1774	1775
1777	1778
1785	1786
1787	1788
1790	1791
1792	1793
1794	1795
1798	1799
1800	1801
1805	1806
1807	1808
1810	1811
1813	1814
1819	1820
1821	1822
1823	1824
1827	1828
1837	1838
1840	1841
1843	1844
1847	1848
1849	1850
1852	1853
1856	1857
1859	1860
1861	1862
1864	1865
1866	1867
1868	1869
1871	1872
1873	1874
1875	1876
1882	1883
1886	1887
1890	1891
1897	1898
1899	1900
1901	1902
1903	1904
1905	1906
1910	1911
1913	1914
1915	1916
1917	1918
1919	1920
1923	1924
1925	1926
1927	1928
1931	1932
1935	1936
1942	1943
1948	1949
1954	1955
1957	1958
1960	1961
1962	1963
1964	1965
1966	1967
1968	1969
1970	1971
1972	1973
1974	1975
1976	1977
1978	1979
1980	1981
1982	1983
1984	1985
1986	1987
1988	1989
1992	1993
1999	2000
2001	2002
2003	2004
2006	2007
2008	2009
2012	2013
2015	2016
2017	2018
2025	2026
2027	2028
2029	2030
2031	2032
2033	2034
2035	2036
2040	2041
2045	2046
2055	2056
2057	2058
2059	2060
2061	2062
2064	2065
2067	2068
2073	2074
2076	2077
2078	2079
2080	2081
2082	2083
2085	2086
2089	2090
2091	2092
2093	2094
2095	2096
2098	2099
2102	2103
2111	2112
2117	2118
2121	2122
2123	2124
2125	2126
2130	2131
2132	2133
2136	2137
2141	2142
2143	2144
2148	2149
2150	2151
2152	2153
2154	2155
2157	2158
2159	2160
2161	2162
2163	2164
2165	2166
2167	2168
2172	2173
2176	2177
2178	2179
2180	2181
2183	2184
2185	2186
2189	2190
2191	2192
