545	1124	1	1
591	75	2	1
591	84	2	1
84	1004	3	1
485	706	4	1
706	485	5	1
718	10	6	1
718	484	6	1
17	19	7	1
118	631	7	1
99	270	8	1
10	301	9	1
1059	21	9	1
1059	301	9	1
17	19	10	1
966	967	10	1
23	22	11	1
658	1011	11	1
22	23	12	1
1011	658	12	1
568	983	13	1
2	8	14	1
537	287	16	1
537	96	16	1
2	8	17	1
234	195	17	1
195	234	18	1
234	195	19	1
55	20	19	1
2	8	20	1
77	361	20	1
196	361	20	1
361	77	21	1
17	19	22	1
1028	1096	22	1
5	6	23	1
22	440	25	1
676	78	25	1
437	660	26	1
7	24	26	1
436	444	27	1
444	436	28	1
6	5	29	1
344	325	29	1
325	344	30	1
779	325	31	1
61	80	32	1
26	70	32	1
55	20	33	1
61	80	34	1
10	69	34	1
33	69	34	1
69	33	35	1
61	80	36	1
30	55	36	1
55	30	37	1
2	8	38	1
80	61	38	1
62	479	40	1
7	24	40	1
74	29	41	1
985	986	41	1
29	74	42	1
986	985	42	1
8	18	43	1
1076	77	44	1
5	6	45	1
188	190	45	1
2	8	47	1
794	4	47	1
6	5	48	1
841	842	48	1
842	841	49	1
833	832	50	1
837	836	51	1
837	836	52	1
840	839	53	1
839	840	54	1
40	14	55	1
331	793	55	1
98	43	56	1
331	796	56	1
1470	1397	57	1
101	150	58	1
73	65	58	1
1452	22	59	1
1452	1146	59	1
1146	22	60	1
1146	438	60	1
1011	580	61	1
72	45	62	1
7	24	62	1
167	90	63	1
90	162	64	1
65	192	64	1
162	90	65	1
192	65	65	1
359	64	66	1
359	90	66	1
64	359	67	1
90	359	67	1
229	85	68	1
229	90	68	1
85	229	69	1
90	229	69	1
487	767	70	1
767	487	71	1
487	765	72	1
765	487	73	1
35	29	74	1
1364	666	74	1
666	1364	75	1
119	10	76	1
119	632	76	1
50	632	76	1
632	119	77	1
632	50	77	1
10	119	78	1
176	119	78	1
119	176	79	1
21	10	80	1
284	611	80	1
611	284	81	1
481	284	82	1
6	5	83	1
283	289	83	1
3	4	84	1
283	289	84	1
342	74	85	1
74	342	86	1
74	492	87	1
17	19	88	1
972	1383	88	1
1383	972	89	1
120	969	90	1
727	969	90	1
1453	1454	91	1
1454	1453	92	1
2	317	93	1
326	87	95	1
225	142	96	1
2	8	97	1
2	18	98	1
575	59	99	1
575	1257	99	1
59	575	100	1
1257	575	100	1
882	782	101	1
782	882	102	1
2	8	103	1
753	510	103	1
5	6	104	1
803	1255	104	1
1255	803	105	1
492	1201	106	1
1201	492	107	1
5	6	108	1
534	1200	108	1
5	6	109	1
157	1180	109	1
5	6	110	1
534	1199	110	1
5	6	111	1
157	1172	111	1
5	6	112	1
157	1174	112	1
5	6	113	1
157	1173	113	1
530	539	114	1
539	530	115	1
318	87	116	1
318	87	117	1
452	85	118	1
452	319	118	1
85	452	119	1
319	452	119	1
3	4	120	1
318	370	120	1
6	5	121	1
318	370	121	1
3	4	122	1
206	23	122	1
206	11	122	1
23	206	123	1
6	5	124	1
709	22	124	1
3	4	125	1
709	22	125	1
6	5	126	1
10	21	126	1
159	21	126	1
3	4	127	1
10	21	127	1
159	21	127	1
20	139	128	1
270	670	129	1
1403	1402	130	1
153	31	131	1
153	51	131	1
7	24	131	1
821	820	132	1
1232	188	133	1
188	1232	134	1
6	5	135	1
916	919	135	1
820	834	136	1
834	820	137	1
823	822	138	1
3	4	139	1
920	921	139	1
6	5	140	1
920	921	140	1
2	8	141	1
233	150	141	1
150	233	142	1
101	150	143	1
281	43	143	1
150	101	144	1
43	281	144	1
101	150	145	1
200	81	145	1
2	18	146	1
242	52	146	1
641	52	148	1
6	5	149	1
1466	132	149	1
132	1466	150	1
631	982	151	1
7	24	151	1
2	8	152	1
78	165	152	1
44	165	152	1
165	44	153	1
5	6	154	1
1164	1188	154	1
1188	1164	155	1
5	6	156	1
1164	1190	156	1
1190	1164	157	1
1048	402	158	1
1048	1050	158	1
402	1048	159	1
1050	1048	159	1
2	8	160	1
13	129	160	1
852	10	162	1
172	885	162	1
52	641	163	1
47	57	165	1
47	66	165	1
5	6	166	1
47	215	166	1
5	6	167	1
47	993	167	1
993	47	168	1
477	900	169	1
852	10	170	1
31	886	170	1
964	1046	171	1
1046	964	172	1
2	18	173	1
89	91	173	1
91	89	174	1
319	88	175	1
672	39	176	1
672	181	176	1
503	491	177	1
491	679	178	1
1124	803	179	1
226	484	180	1
2	8	181	1
1120	1446	181	1
1446	1120	182	1
191	1471	183	1
5	6	184	1
1086	1208	184	1
1208	1086	185	1
39	1207	186	1
1203	1207	186	1
1202	1205	187	1
1203	1204	188	1
860	206	189	1
326	204	190	1
204	326	191	1
205	243	192	1
2	8	193	1
465	99	193	1
327	646	194	1
75	741	195	1
677	741	195	1
3	4	196	1
313	221	196	1
49	22	197	1
65	227	197	1
49	227	197	1
22	49	198	1
227	65	198	1
227	49	198	1
2	8	199	1
73	65	199	1
65	73	200	1
352	65	201	1
229	65	202	1
227	65	203	1
48	86	204	1
65	229	204	1
229	65	205	1
127	143	206	1
128	183	207	1
1163	1305	208	1
2	8	209	1
454	699	209	1
48	86	210	1
454	699	210	1
56	14	211	1
454	699	211	1
61	80	212	1
454	699	212	1
17	19	213	1
819	849	213	1
849	819	214	1
152	198	215	1
152	114	216	1
114	152	217	1
2	8	218	1
154	237	218	1
237	154	219	1
1300	1301	220	1
7	24	220	1
300	82	221	1
82	300	222	1
3	4	223	1
140	327	223	1
327	140	224	1
3	4	225	1
735	997	225	1
997	735	226	1
6	5	227	1
735	997	227	1
997	735	228	1
940	941	229	1
940	44	229	1
3	4	230	1
304	184	230	1
184	304	231	1
3	4	232	1
1005	387	232	1
460	549	233	1
549	460	234	1
576	460	235	1
460	576	236	1
46	15	237	1
15	18	239	1
15	46	239	1
23	450	240	1
6	5	241	1
372	377	241	1
377	372	242	1
67	73	243	1
67	26	243	1
67	594	244	1
67	187	244	1
49	22	245	1
38	117	245	1
2	8	246	1
49	22	246	1
49	129	246	1
2	8	247	1
86	48	247	1
2	8	249	1
56	48	249	1
55	20	251	1
2	8	252	1
49	22	252	1
56	48	252	1
1362	1363	253	1
119	10	254	1
408	673	254	1
673	408	255	1
3	4	256	1
1362	1229	256	1
1362	1229	257	1
7	24	257	1
483	400	258	1
400	18	259	1
400	483	259	1
208	177	260	1
7	24	260	1
306	177	261	1
7	24	261	1
178	26	262	1
178	187	262	1
99	228	263	1
1155	585	264	1
585	1155	265	1
1154	1153	266	1
583	1455	267	1
4	18	268	1
4	1468	268	1
6	5	269	1
399	626	269	1
626	399	270	1
652	32	271	1
652	339	271	1
339	749	272	1
2	8	273	1
26	70	273	1
1184	1026	274	1
6	5	275	1
1026	640	275	1
25	40	276	1
40	25	277	1
479	310	278	1
311	415	279	1
557	311	280	1
7	24	280	1
2	8	281	1
21	63	281	1
196	63	281	1
63	21	282	1
64	278	283	1
225	64	284	1
669	690	285	1
548	244	286	1
244	548	287	1
980	179	288	1
179	980	289	1
647	118	290	1
444	125	291	1
444	94	291	1
231	21	292	1
231	125	292	1
3	4	293	1
451	125	293	1
125	451	294	1
4	3	295	1
897	896	295	1
896	897	296	1
6	5	297	1
892	893	297	1
893	892	298	1
952	959	299	1
952	20	299	1
959	952	300	1
20	952	300	1
754	725	301	1
957	851	301	1
725	754	302	1
851	957	302	1
4	3	303	1
2	8	305	1
3	6	305	1
5	6	307	1
2	8	309	1
38	791	309	1
787	791	309	1
607	373	310	1
2	8	311	1
31	1464	311	1
1463	1464	311	1
84	597	312	1
32	20	312	1
597	84	313	1
20	32	313	1
700	505	314	1
751	708	315	1
466	403	316	1
403	466	317	1
665	402	318	1
402	665	319	1
909	31	320	1
909	64	320	1
586	21	321	1
233	314	322	1
69	33	323	1
695	231	323	1
33	69	324	1
231	695	324	1
231	653	325	1
653	231	326	1
231	258	327	1
230	694	328	1
3	4	329	1
1060	1061	329	1
499	96	330	1
499	107	330	1
493	71	331	1
493	107	331	1
250	523	332	1
523	250	333	1
634	650	334	1
650	634	335	1
2	8	336	1
487	1128	336	1
1128	487	337	1
8	18	338	1
158	476	338	1
18	8	339	1
476	158	339	1
8	18	340	1
187	354	340	1
18	8	341	1
354	187	341	1
6	5	342	1
527	949	342	1
6	5	344	1
526	546	344	1
546	526	345	1
3	4	346	1
526	546	346	1
546	526	347	1
6	5	348	1
576	899	348	1
899	576	349	1
273	3	350	1
694	717	352	1
7	24	352	1
41	42	353	1
523	1458	353	1
1458	523	354	1
333	386	355	1
39	97	356	1
857	789	356	1
789	857	357	1
39	97	358	1
1002	786	358	1
786	1002	359	1
127	14	360	1
307	1114	360	1
14	127	361	1
1114	307	361	1
274	169	362	1
3	4	363	1
320	175	363	1
175	320	364	1
3	4	365	1
158	147	365	1
147	158	366	1
6	5	367	1
158	147	367	1
147	158	368	1
6	5	369	1
224	148	369	1
148	224	370	1
148	162	371	1
162	148	372	1
130	114	373	1
130	729	373	1
114	130	374	1
729	130	374	1
403	807	375	1
807	403	376	1
336	208	377	1
2	8	378	1
22	992	378	1
991	992	378	1
992	22	379	1
992	991	379	1
1377	881	380	1
883	1377	381	1
1377	883	382	1
2	8	383	1
18	8	383	1
8	18	384	1
529	376	385	1
5	6	386	1
670	375	386	1
127	14	387	1
526	1333	387	1
14	127	388	1
1333	526	388	1
762	38	389	1
762	501	389	1
2	8	390	1
759	510	390	1
2	8	391	1
106	1384	391	1
1384	106	392	1
5	6	393	1
1279	1280	393	1
119	10	394	1
119	1279	394	1
1279	119	395	1
127	14	396	1
1119	1123	396	1
1324	1368	397	1
1324	1119	397	1
945	407	398	1
407	945	399	1
574	408	400	1
1289	1288	401	1
1288	1289	402	1
37	123	403	1
156	51	404	1
7	24	404	1
723	272	405	1
22	271	406	1
723	271	406	1
1286	1285	407	1
6	5	408	1
304	184	408	1
184	304	409	1
3	4	410	1
319	183	410	1
864	385	411	1
864	96	411	1
385	864	412	1
96	864	412	1
445	383	413	1
383	445	414	1
17	19	415	1
382	926	415	1
926	382	416	1
248	79	417	1
79	248	418	1
3	4	419	1
1011	580	419	1
579	604	420	1
604	579	421	1
810	975	422	1
7	24	422	1
21	10	423	1
22	335	423	1
23	22	424	1
32	20	424	1
22	23	425	1
20	32	425	1
49	22	426	1
400	3	426	1
49	22	427	1
49	13	427	1
2	8	428	1
555	22	428	1
2	8	429	1
22	49	429	1
13	49	429	1
49	22	430	1
75	20	431	1
75	194	431	1
1163	1299	432	1
3	4	433	1
612	1138	433	1
2	8	434	1
122	191	434	1
61	80	435	1
122	191	435	1
121	206	436	1
206	121	437	1
121	257	438	1
257	121	439	1
865	122	440	1
865	96	440	1
122	865	441	1
96	865	441	1
979	38	442	1
1163	1300	443	1
241	379	444	1
7	24	444	1
3	4	445	1
280	241	445	1
241	280	446	1
876	877	447	1
877	876	448	1
3	4	449	1
241	379	449	1
871	872	450	1
872	871	451	1
874	873	452	1
880	873	453	1
873	880	454	1
882	875	455	1
875	882	456	1
721	712	457	1
817	681	458	1
681	817	459	1
2	8	460	1
516	276	460	1
276	516	461	1
276	516	462	1
200	81	462	1
3	4	463	1
1337	1338	463	1
138	158	464	1
539	1395	465	1
1395	539	466	1
704	28	467	1
704	644	467	1
2	8	468	1
31	705	468	1
645	705	468	1
3	4	469	1
702	584	469	1
6	5	470	1
731	68	470	1
348	16	471	1
7	24	471	1
39	97	472	1
1000	344	473	1
336	16	474	1
7	24	474	1
39	1221	475	1
1218	1221	475	1
1221	1218	476	1
6	5	477	1
64	28	477	1
207	243	478	1
153	31	479	1
2	8	480	1
208	336	480	1
336	208	481	1
99	223	482	1
267	165	483	1
165	267	484	1
1269	10	485	1
1269	1039	485	1
1219	1217	486	1
240	187	487	1
187	240	488	1
244	239	489	1
7	24	489	1
239	1136	490	1
7	24	490	1
3	4	491	1
244	239	491	1
112	256	492	1
238	237	492	1
276	238	493	1
1440	144	494	1
1440	1439	494	1
6	5	495	1
815	846	495	1
846	815	496	1
127	14	497	1
815	907	497	1
14	127	498	1
907	815	498	1
3	4	499	1
815	846	499	1
846	815	500	1
127	14	501	1
848	1111	501	1
127	14	502	1
742	1116	502	1
14	127	503	1
1116	742	503	1
127	14	504	1
845	1112	504	1
57	47	505	1
435	221	505	1
6	5	506	1
313	221	506	1
354	855	507	1
855	354	508	1
355	75	509	1
355	555	509	1
358	359	510	1
908	185	511	1
185	908	512	1
5	6	513	1
1093	1350	513	1
21	10	514	1
745	773	514	1
773	745	515	1
35	988	516	1
35	797	518	1
35	44	518	1
3	4	519	1
418	277	519	1
277	418	520	1
6	5	521	1
418	277	521	1
277	418	522	1
5	6	523	1
277	846	523	1
4	3	524	1
277	844	524	1
5	6	525	1
277	844	525	1
127	14	526	1
277	1113	526	1
1350	1351	527	1
1351	1350	528	1
678	141	529	1
2	8	530	1
142	225	530	1
204	43	531	1
204	326	531	1
71	85	532	1
15	517	532	1
85	71	533	1
2	8	534	1
88	71	534	1
71	88	535	1
1427	368	536	1
85	71	537	1
3	4	538	1
895	649	538	1
649	895	539	1
825	21	540	1
719	777	541	1
382	156	542	1
382	916	542	1
7	24	542	1
1028	380	543	1
21	10	544	1
380	422	544	1
687	381	545	1
381	687	546	1
475	570	547	1
3	4	548	1
116	20	548	1
20	116	549	1
30	20	550	1
6	5	551	1
116	20	551	1
20	116	552	1
459	395	553	1
421	974	554	1
464	130	555	1
104	209	555	1
130	464	556	1
209	104	556	1
119	10	557	1
210	639	557	1
119	639	557	1
639	210	558	1
639	119	558	1
2	8	559	1
211	1019	559	1
1019	211	560	1
171	96	561	1
171	187	561	1
170	244	562	1
735	470	563	1
735	470	564	1
860	23	565	1
416	23	566	1
942	83	567	1
942	44	567	1
216	32	568	1
216	83	568	1
414	433	569	1
2	18	570	1
155	587	571	1
587	155	572	1
18	100	573	1
18	152	574	1
2	8	575	1
152	18	575	1
18	152	576	1
506	2	577	1
506	18	577	1
1024	8	578	1
1024	18	578	1
8	1024	579	1
18	1024	579	1
400	3	580	1
1166	1165	582	1
41	42	583	1
614	686	583	1
835	615	584	1
5	6	585	1
1326	1327	585	1
642	10	586	1
642	1038	586	1
1275	10	587	1
1275	1041	587	1
588	10	588	1
588	157	588	1
684	10	589	1
684	656	589	1
489	361	590	1
361	489	591	1
2	8	592	1
10	69	592	1
33	69	592	1
69	33	593	1
2	8	594	1
1135	732	594	1
732	1135	595	1
2	8	596	1
1353	1354	596	1
1354	1353	597	1
1093	1354	598	1
1093	1135	599	1
1135	1093	600	1
600	772	601	1
772	600	602	1
17	19	603	1
600	1344	603	1
1344	600	604	1
600	1343	605	1
7	24	605	1
1343	600	606	1
17	19	607	1
772	1345	607	1
1345	772	608	1
1344	1345	609	1
274	366	610	1
281	43	610	1
276	516	611	1
281	43	611	1
516	276	612	1
43	281	612	1
2	8	613	1
1354	1476	613	1
1476	1354	614	1
2	8	615	1
732	1478	615	1
1478	732	616	1
2	8	617	1
1478	1479	617	1
1479	1478	618	1
1479	732	619	1
732	1479	620	1
455	81	621	1
81	200	622	1
80	100	623	1
100	80	624	1
569	1079	625	1
393	401	626	1
393	541	626	1
2	8	627	1
393	463	627	1
2	8	628	1
395	459	628	1
459	395	629	1
6	5	630	1
636	394	630	1
394	636	631	1
632	395	632	1
2	8	633	1
594	855	633	1
855	594	634	1
2	8	635	1
405	10	635	1
659	22	637	1
220	21	638	1
63	21	639	1
10	21	640	1
1006	18	640	1
1006	21	640	1
10	21	641	1
28	21	641	1
21	28	642	1
3	4	643	1
209	1258	643	1
1245	1246	644	1
1246	1245	645	1
5	6	646	1
802	473	646	1
4	3	647	1
307	737	647	1
737	307	648	1
348	306	649	1
307	710	650	1
244	349	651	1
246	170	652	1
170	246	653	1
17	19	654	1
245	508	654	1
2	8	655	1
724	741	655	1
1133	157	656	1
1133	142	656	1
157	1133	657	1
142	1133	657	1
346	380	658	1
346	940	659	1
729	768	660	1
768	729	661	1
41	42	662	1
523	1234	662	1
1234	523	663	1
41	42	664	1
1233	1122	664	1
945	431	665	1
2	8	666	1
150	101	666	1
101	150	667	1
35	29	668	1
38	701	668	1
100	701	668	1
701	38	669	1
701	100	669	1
6	5	670	1
100	113	670	1
185	100	671	1
349	100	672	1
101	150	673	1
26	70	673	1
150	101	674	1
55	20	674	1
261	414	675	1
261	414	675	1
1027	134	676	1
572	241	677	1
39	1224	678	1
1062	1224	678	1
1224	1062	679	1
196	11	680	1
120	707	682	1
726	707	682	1
707	120	683	1
707	726	683	1
3	4	684	1
619	388	684	1
1398	1399	685	1
688	1387	686	1
2	8	687	1
73	452	687	1
452	73	688	1
530	1094	689	1
1094	530	690	1
1240	884	691	1
884	1240	692	1
1485	522	693	1
1485	23	693	1
522	1485	694	1
23	1485	694	1
684	588	695	1
588	684	696	1
1020	797	697	1
6	5	698	1
280	241	698	1
241	280	699	1
61	80	700	1
217	227	700	1
227	217	701	1
101	150	702	1
217	227	702	1
150	101	703	1
227	217	703	1
2	8	704	1
218	235	704	1
235	218	705	1
5	6	706	1
216	652	706	1
2	8	707	1
217	227	707	1
227	217	708	1
446	217	709	1
235	218	710	1
170	218	711	1
5	6	712	1
871	706	712	1
5	6	713	1
803	1259	713	1
6	5	714	1
1255	1256	714	1
5	6	715	1
1256	801	715	1
801	1256	716	1
1248	1247	717	1
1245	1247	718	1
1247	1245	719	1
89	148	720	1
148	89	721	1
334	89	722	1
89	334	723	1
2	8	724	1
93	89	724	1
52	448	725	1
2	8	727	1
205	162	727	1
112	78	728	1
31	50	728	1
50	31	729	1
521	1148	730	1
521	134	730	1
1339	1342	731	1
1339	156	731	1
7	24	731	1
1088	309	732	1
1088	1342	732	1
7	24	732	1
39	1191	733	1
1190	1191	733	1
1191	1190	734	1
23	22	735	1
95	164	735	1
22	23	736	1
164	95	736	1
2	8	737	1
423	268	737	1
268	423	738	1
4	3	739	1
96	543	739	1
5	6	740	1
96	543	740	1
1467	488	741	1
5	6	742	1
1067	1329	742	1
39	1194	743	1
1188	1194	743	1
1194	1188	744	1
39	1193	745	1
1188	1193	745	1
1193	1188	746	1
39	1192	747	1
1190	1192	747	1
1192	1190	748	1
140	905	749	1
905	140	750	1
193	841	751	1
841	193	752	1
140	561	753	1
140	599	753	1
561	140	754	1
599	140	754	1
23	22	755	1
31	37	755	1
22	23	756	1
37	31	756	1
678	31	757	1
675	1323	758	1
1196	1195	759	1
1182	1181	760	1
424	944	761	1
7	24	761	1
17	19	762	1
422	535	762	1
535	422	763	1
104	313	764	1
7	24	764	1
21	10	765	1
104	621	765	1
133	104	766	1
133	66	766	1
1002	1195	767	1
1195	1002	768	1
917	918	769	1
918	917	770	1
1002	1181	771	1
1181	1002	772	1
17	19	773	1
919	923	773	1
923	919	774	1
916	915	775	1
17	19	776	1
915	929	776	1
929	915	777	1
3	4	778	1
916	919	778	1
437	386	779	1
259	363	780	1
259	512	781	1
259	325	782	1
259	582	783	1
582	259	784	1
260	617	785	1
617	260	786	1
3	4	787	1
70	500	787	1
500	70	788	1
2	8	789	1
75	355	789	1
22	355	789	1
75	330	790	1
50	75	791	1
194	75	791	1
75	50	792	1
713	189	793	1
715	189	794	1
550	10	795	1
172	808	795	1
120	1159	796	1
496	1159	796	1
459	225	797	1
459	296	797	1
189	98	799	1
50	128	800	1
20	32	800	1
128	50	801	1
32	20	801	1
428	50	802	1
50	373	803	1
373	50	804	1
50	128	805	1
37	31	805	1
128	50	806	1
31	37	806	1
395	1142	807	1
1142	395	808	1
1019	211	809	1
295	457	810	1
7	24	810	1
293	10	811	1
31	532	811	1
293	532	811	1
70	712	812	1
41	42	813	1
250	341	813	1
341	250	814	1
41	42	815	1
250	340	815	1
340	250	816	1
538	1149	817	1
7	24	817	1
56	14	818	1
200	81	818	1
81	200	819	1
81	82	820	1
82	81	821	1
2	8	822	1
200	81	822	1
61	80	823	1
281	43	823	1
43	281	824	1
1025	56	825	1
1025	81	825	1
35	29	826	1
200	81	826	1
81	200	827	1
23	22	828	1
136	111	828	1
22	23	829	1
111	136	829	1
3	4	830	1
112	267	830	1
267	112	831	1
958	951	832	1
958	84	832	1
951	958	833	1
84	958	833	1
954	957	834	1
954	152	834	1
957	954	835	1
152	954	835	1
1033	778	836	1
1069	1070	837	1
1070	1069	838	1
251	30	839	1
7	24	839	1
30	121	840	1
2	8	841	1
10	21	841	1
121	30	841	1
30	121	842	1
23	22	843	1
38	30	843	1
22	23	844	1
30	38	844	1
38	30	845	1
7	24	845	1
38	13	845	1
1330	1134	846	1
1330	1106	846	1
533	618	847	1
533	158	847	1
831	21	848	1
10	106	849	1
173	106	849	1
106	173	850	1
403	106	851	1
2	8	852	1
47	853	852	1
76	853	852	1
853	47	853	1
853	76	853	1
2	8	854	1
36	854	854	1
76	854	854	1
257	285	855	1
2	8	856	1
258	456	856	1
456	258	857	1
62	443	858	1
443	62	859	1
4	3	860	1
568	661	860	1
2	8	861	1
347	734	861	1
734	347	862	1
904	561	863	1
904	599	863	1
561	904	864	1
599	904	864	1
620	32	865	1
620	942	865	1
760	792	866	1
792	760	867	1
206	257	868	1
257	206	869	1
437	53	870	1
7	24	870	1
691	624	871	1
2	8	872	1
22	991	872	1
165	991	872	1
5	6	873	1
157	1175	873	1
127	14	874	1
298	1115	874	1
14	127	875	1
1115	298	875	1
55	20	876	1
338	55	877	1
55	338	878	1
910	75	879	1
17	19	880	1
472	921	880	1
921	472	881	1
6	5	882	1
717	472	882	1
3	4	883	1
717	472	883	1
23	22	884	1
76	159	884	1
22	23	885	1
159	76	885	1
5	6	886	1
1407	1408	886	1
1408	1407	887	1
1408	1409	888	1
1409	1408	889	1
1419	1420	890	1
797	795	891	1
349	113	892	1
49	22	893	1
349	113	893	1
507	35	894	1
507	113	894	1
417	113	895	1
6	5	896	1
1078	1043	896	1
1043	1078	897	1
449	26	898	1
2	8	899	1
113	29	899	1
29	113	900	1
2	8	901	1
29	35	901	1
495	29	903	1
35	29	904	1
438	38	905	1
438	28	905	1
38	76	906	1
117	38	907	1
117	13	907	1
21	10	908	1
38	438	908	1
38	117	909	1
13	117	909	1
6	5	910	1
165	78	910	1
52	1261	911	1
111	1261	911	1
5	6	912	1
545	804	912	1
544	703	913	1
90	855	915	1
862	192	915	1
855	90	916	1
192	862	916	1
269	85	917	1
269	192	917	1
85	269	918	1
192	269	918	1
2	8	919	1
22	1102	919	1
78	1102	919	1
3	4	920	1
994	635	920	1
995	997	921	1
23	22	922	1
997	996	922	1
22	23	923	1
996	997	923	1
17	19	924	1
68	524	924	1
524	68	925	1
255	292	926	1
292	255	927	1
1054	1055	928	1
1015	1016	929	1
1296	1056	930	1
3	4	931	1
1392	841	931	1
841	1392	932	1
140	1389	933	1
5	6	934	1
561	1385	934	1
561	1390	935	1
649	549	936	1
549	649	937	1
2	8	938	1
503	1131	938	1
5	6	939	1
15	517	939	1
238	300	940	1
6	5	941	1
605	443	941	1
443	605	942	1
609	77	943	1
30	38	944	1
30	38	945	1
112	266	946	1
2	8	947	1
182	224	947	1
224	182	948	1
617	76	949	1
57	104	950	1
58	219	951	1
7	24	951	1
3	4	952	1
944	76	952	1
58	620	953	1
1179	1175	954	1
1178	1174	955	1
5	6	956	1
418	847	956	1
299	1236	957	1
3	4	958	1
1065	1118	958	1
1118	1065	959	1
4	3	960	1
1065	1084	960	1
1084	1065	961	1
127	14	962	1
1084	1225	962	1
2	8	963	1
187	354	963	1
354	187	964	1
319	88	965	1
356	87	966	1
356	71	966	1
476	855	967	1
855	476	968	1
477	758	969	1
3	4	970	1
812	477	970	1
477	812	971	1
3	4	972	1
10	77	972	1
662	77	973	1
10	77	974	1
1003	18	974	1
1003	77	974	1
10	77	975	1
124	77	975	1
77	124	976	1
115	470	977	1
709	115	978	1
193	360	979	1
1197	1198	980	1
961	962	981	1
28	1006	982	1
161	28	983	1
581	27	984	1
27	581	985	1
1320	585	986	1
585	1320	987	1
1321	585	988	1
585	1321	989	1
1150	799	990	1
144	799	990	1
2	8	991	1
169	366	991	1
366	169	992	1
664	739	993	1
739	664	994	1
748	663	995	1
663	748	996	1
662	748	997	1
2	8	998	1
770	667	998	1
667	770	999	1
21	10	1000	1
189	715	1000	1
715	189	1001	1
1032	189	1002	1
347	189	1003	1
189	669	1004	1
669	189	1005	1
1235	917	1006	1
253	272	1007	1
7	24	1007	1
254	716	1008	1
2	8	1009	1
926	156	1011	1
926	922	1011	1
7	24	1011	1
254	688	1012	1
254	716	1013	1
1237	1095	1014	1
1237	44	1014	1
1237	480	1015	1
1237	44	1015	1
868	158	1016	1
868	863	1016	1
859	855	1017	1
766	870	1018	1
1286	21	1019	1
1286	1287	1019	1
165	78	1020	1
777	784	1020	1
784	777	1021	1
1292	1291	1022	1
1290	1289	1023	1
23	203	1024	1
75	421	1024	1
3	4	1025	1
476	500	1025	1
500	476	1026	1
979	38	1027	1
1429	1396	1028	1
1396	1429	1029	1
6	5	1030	1
792	752	1030	1
3	4	1031	1
525	174	1031	1
174	525	1032	1
6	5	1033	1
1170	434	1033	1
23	22	1034	1
291	912	1034	1
22	23	1035	1
912	291	1035	1
410	780	1036	1
7	24	1036	1
23	22	1037	1
75	421	1037	1
59	850	1038	1
23	22	1039	1
59	126	1039	1
22	23	1040	1
126	59	1040	1
1160	28	1041	1
1160	302	1041	1
85	137	1042	1
2	8	1043	1
137	85	1043	1
85	137	1044	1
90	85	1045	1
85	90	1046	1
692	483	1047	1
479	856	1048	1
483	980	1049	1
8	2	1050	1
483	980	1050	1
980	483	1051	1
5	6	1052	1
629	482	1052	1
482	629	1053	1
119	10	1054	1
119	176	1054	1
273	118	1055	1
118	273	1056	1
834	119	1057	1
834	119	1058	1
1104	1103	1059	1
3	4	1060	1
224	148	1060	1
148	224	1061	1
977	978	1062	1
26	978	1062	1
3	4	1063	1
975	976	1063	1
17	19	1064	1
970	971	1064	1
671	736	1065	1
7	24	1065	1
674	1009	1066	1
1009	674	1067	1
16	177	1068	1
5	6	1069	1
1086	1210	1069	1
1210	1086	1070	1
2	8	1071	1
177	16	1071	1
16	177	1072	1
39	1214	1073	1
1210	1214	1073	1
1214	1210	1074	1
1209	1211	1075	1
1211	1209	1076	1
5	6	1077	1
1211	1212	1077	1
1212	1211	1078	1
39	1215	1079	1
1211	1215	1079	1
1215	1211	1080	1
5	6	1081	1
1171	1213	1081	1
1213	1171	1082	1
41	42	1083	1
197	1012	1083	1
198	185	1084	1
185	198	1085	1
140	1238	1086	1
1238	140	1087	1
1285	1284	1088	1
1284	1285	1089	1
1284	1283	1090	1
1042	948	1091	1
948	1042	1092	1
62	282	1093	1
23	22	1094	1
62	479	1094	1
22	23	1095	1
479	62	1095	1
62	230	1096	1
5	6	1097	1
1409	1410	1097	1
144	386	1098	1
17	19	1099	1
847	848	1099	1
848	847	1100	1
17	19	1101	1
844	845	1101	1
845	844	1102	1
779	775	1103	1
1401	1400	1104	1
816	693	1105	1
816	158	1105	1
760	790	1106	1
790	760	1107	1
74	29	1108	1
761	985	1108	1
29	74	1109	1
985	761	1109	1
10	771	1110	1
763	771	1110	1
771	763	1111	1
3	4	1112	1
874	763	1112	1
2	8	1113	1
22	1452	1113	1
1146	1452	1113	1
17	19	1114	1
608	1405	1114	1
1405	608	1115	1
2	8	1116	1
160	41	1116	1
41	160	1118	1
40	14	1119	1
26	171	1119	1
40	171	1119	1
14	40	1120	1
171	26	1120	1
171	40	1120	1
49	22	1121	1
91	645	1121	1
49	645	1121	1
859	85	1122	1
859	90	1122	1
85	859	1123	1
90	859	1123	1
3	4	1124	1
792	752	1124	1
558	92	1125	1
913	92	1126	1
913	36	1126	1
92	913	1127	1
36	913	1127	1
92	987	1128	1
374	209	1129	1
374	944	1129	1
7	24	1129	1
332	104	1130	1
332	1394	1130	1
7	24	1130	1
52	1158	1131	1
162	90	1131	1
90	162	1132	1
52	1158	1133	1
862	89	1133	1
89	862	1134	1
680	947	1135	1
947	680	1136	1
534	781	1137	1
781	534	1138	1
535	937	1139	1
2	8	1140	1
862	269	1140	1
269	862	1141	1
269	862	1142	1
2	8	1143	1
571	862	1143	1
6	5	1144	1
785	774	1144	1
774	785	1145	1
157	409	1146	1
442	545	1147	1
441	657	1148	1
1008	324	1149	1
17	19	1150	1
321	430	1150	1
430	321	1151	1
3	4	1152	1
64	28	1152	1
3	4	1153	1
163	33	1153	1
36	271	1154	1
23	271	1154	1
61	80	1155	1
52	809	1156	1
20	809	1156	1
141	84	1157	1
114	18	1158	1
317	18	1159	1
829	21	1160	1
828	838	1161	1
838	828	1162	1
829	828	1163	1
826	837	1164	1
837	826	1165	1
827	826	1166	1
825	824	1167	1
822	835	1168	1
835	822	1169	1
830	833	1170	1
833	830	1171	1
831	830	1172	1
41	42	1173	1
561	1390	1173	1
99	1381	1174	1
5	6	1175	1
769	783	1175	1
783	769	1176	1
323	10	1177	1
31	930	1177	1
323	930	1177	1
2	8	1178	1
14	56	1178	1
18	8	1180	1
56	14	1180	1
8	18	1181	1
14	81	1182	1
2	8	1183	1
81	14	1183	1
14	81	1184	1
56	14	1185	1
2	8	1186	1
183	338	1186	1
338	183	1187	1
746	349	1188	1
746	364	1188	1
2	8	1189	1
196	1462	1189	1
1455	20	1191	1
1456	84	1192	1
434	39	1193	1
434	44	1193	1
439	38	1194	1
439	44	1194	1
5	6	1196	1
649	1386	1196	1
1162	1388	1197	1
2	8	1198	1
319	90	1198	1
202	18	1199	1
202	89	1199	1
179	483	1200	1
2	8	1201	1
306	348	1201	1
348	306	1202	1
21	10	1203	1
197	1087	1203	1
4	3	1204	1
282	694	1204	1
282	696	1205	1
7	24	1205	1
127	14	1206	1
283	965	1206	1
14	127	1207	1
965	283	1207	1
522	31	1208	1
522	75	1208	1
31	522	1209	1
75	522	1209	1
2	8	1210	1
1131	510	1210	1
225	316	1211	1
316	225	1212	1
500	224	1213	1
990	1429	1214	1
1429	990	1215	1
8	18	1216	1
26	70	1216	1
18	8	1217	1
70	26	1217	1
127	14	1218	1
127	144	1218	1
6	5	1219	1
683	883	1219	1
883	683	1220	1
567	642	1221	1
642	567	1222	1
3	4	1223	1
683	883	1223	1
883	683	1224	1
3	4	1225	1
1374	1376	1225	1
1376	1374	1226	1
3	4	1227	1
1034	1375	1227	1
1375	1034	1228	1
5	6	1229	1
1373	1374	1229	1
3	4	1230	1
1230	1371	1230	1
1371	1230	1231	1
3	4	1232	1
1231	1372	1232	1
1372	1231	1233	1
776	28	1234	1
776	1315	1234	1
3	4	1235	1
10	69	1235	1
23	69	1235	1
397	315	1236	1
397	26	1236	1
314	908	1237	1
314	114	1238	1
114	314	1239	1
191	65	1240	1
65	191	1241	1
502	721	1242	1
61	80	1243	1
65	229	1243	1
70	65	1244	1
65	70	1245	1
2	8	1246	1
502	753	1246	1
2	8	1247	1
502	509	1247	1
39	1227	1248	1
1226	1227	1248	1
1227	1226	1249	1
39	1228	1250	1
1110	1228	1250	1
1228	1110	1251	1
1176	1172	1252	1
1177	1173	1253	1
927	922	1254	1
7	24	1254	1
3	4	1255	1
922	923	1255	1
873	874	1256	1
643	633	1257	1
23	616	1258	1
17	54	1259	1
17	464	1260	1
4	3	1261	1
7	24	1261	1
40	14	1262	1
1444	1445	1262	1
39	97	1263	1
2	8	1265	1
180	46	1265	1
46	180	1267	1
5	6	1268	1
379	1361	1268	1
5	6	1269	1
379	1360	1269	1
15	18	1270	1
15	1268	1270	1
1483	1480	1271	1
1480	1483	1272	1
2	8	1273	1
401	677	1273	1
677	401	1274	1
177	398	1275	1
7	24	1275	1
10	1379	1276	1
763	1379	1276	1
1379	763	1277	1
1379	1380	1278	1
1380	1379	1279	1
1239	1378	1280	1
1378	1239	1281	1
232	227	1282	1
232	28	1282	1
21	10	1283	1
227	232	1283	1
20	32	1284	1
488	226	1284	1
32	20	1285	1
226	488	1285	1
10	1239	1286	1
782	1239	1286	1
1239	782	1287	1
689	733	1288	1
2	8	1289	1
509	510	1289	1
486	47	1290	1
486	202	1290	1
17	19	1291	1
322	201	1291	1
195	234	1292	1
200	81	1292	1
98	690	1293	1
690	98	1294	1
502	720	1295	1
23	22	1296	1
330	911	1296	1
22	23	1297	1
911	330	1297	1
850	328	1298	1
7	24	1298	1
327	655	1299	1
5	6	1300	1
1201	214	1300	1
214	1201	1301	1
3	4	1302	1
25	127	1302	1
25	79	1303	1
25	81	1303	1
312	916	1304	1
7	24	1304	1
382	312	1305	1
672	39	1306	1
672	311	1306	1
311	672	1307	1
311	1008	1308	1
3	4	1309	1
328	1068	1309	1
6	5	1310	1
328	1068	1310	1
17	19	1311	1
312	927	1311	1
927	312	1312	1
53	870	1313	1
694	312	1313	1
64	278	1314	1
2	8	1315	1
65	229	1315	1
141	31	1316	1
141	64	1316	1
31	141	1317	1
64	141	1317	1
1241	1242	1318	1
1242	1241	1319	1
1242	1237	1320	1
1460	1472	1321	1
687	265	1322	1
265	687	1323	1
1273	1274	1324	1
1274	1273	1325	1
22	265	1326	1
351	78	1326	1
265	22	1327	1
1276	1277	1328	1
1277	1276	1329	1
128	183	1330	1
38	264	1331	1
129	264	1331	1
128	467	1332	1
467	128	1333	1
57	215	1334	1
1307	1306	1336	1
1306	1307	1337	1
1274	1306	1338	1
15	517	1338	1
1308	21	1339	1
1269	1270	1340	1
1270	1269	1341	1
5	6	1342	1
1063	1422	1342	1
5	6	1343	1
1083	1163	1343	1
1083	51	1343	1
5	6	1344	1
1365	1421	1344	1
23	450	1345	1
648	125	1345	1
657	447	1346	1
447	581	1347	1
7	24	1347	1
581	447	1348	1
1296	1053	1349	1
797	689	1350	1
689	797	1351	1
389	155	1352	1
154	132	1353	1
132	154	1354	1
1054	1052	1355	1
1151	1366	1356	1
1151	1355	1356	1
1355	1152	1357	1
1152	1093	1358	1
1093	1152	1359	1
35	417	1360	1
1391	149	1362	1
149	1391	1363	1
7	24	1364	1
1449	3	1364	1
179	1157	1365	1
1448	1157	1365	1
1157	179	1366	1
1157	1448	1366	1
1156	202	1367	1
202	1156	1368	1
6	118	1369	1
6	1448	1369	1
6	118	1371	1
179	1157	1371	1
1157	179	1372	1
3	4	1373	1
5	6	1373	1
5	6	1375	1
993	215	1375	1
993	305	1375	1
215	993	1376	1
1469	963	1377	1
963	1469	1378	1
275	237	1379	1
1094	1395	1380	1
1395	1094	1381	1
897	372	1382	1
4	3	1383	1
372	898	1383	1
898	372	1384	1
372	889	1385	1
48	86	1386	1
1303	1304	1387	1
31	322	1388	1
47	57	1388	1
47	322	1388	1
322	31	1389	1
57	47	1389	1
322	47	1389	1
463	405	1390	1
405	18	1391	1
405	463	1391	1
244	185	1392	1
185	244	1393	1
7	24	1393	1
103	20	1394	1
7	24	1394	1
50	31	1395	1
490	744	1395	1
50	744	1395	1
31	50	1396	1
744	50	1396	1
679	107	1397	1
712	107	1398	1
107	144	1399	1
478	107	1400	1
823	21	1401	1
576	891	1402	1
649	576	1403	1
650	554	1404	1
650	554	1405	1
2	8	1406	1
571	1030	1406	1
1030	571	1407	1
433	441	1408	1
1097	397	1409	1
1097	26	1409	1
396	573	1410	1
573	396	1411	1
3	4	1412	1
343	419	1412	1
5	6	1413	1
392	1184	1413	1
5	6	1414	1
392	1183	1414	1
39	1187	1415	1
1184	1187	1415	1
79	25	1416	1
25	79	1417	1
39	1186	1418	1
1184	1186	1418	1
869	867	1419	1
869	96	1419	1
867	869	1420	1
96	869	1420	1
310	436	1421	1
685	215	1422	1
685	309	1422	1
39	1206	1423	1
1202	1206	1423	1
27	1243	1424	1
1243	27	1425	1
34	14	1426	1
756	761	1426	1
126	625	1427	1
625	126	1428	1
49	416	1429	1
126	59	1429	1
416	49	1430	1
59	126	1430	1
126	984	1431	1
443	553	1432	1
443	583	1432	1
147	182	1433	1
2	8	1434	1
462	1391	1434	1
1391	462	1435	1
654	146	1436	1
167	146	1437	1
167	146	1438	1
2	8	1439	1
1128	1446	1439	1
1446	1128	1440	1
797	1436	1441	1
797	64	1441	1
1436	797	1442	1
64	797	1442	1
905	904	1443	1
904	905	1444	1
903	904	1445	1
904	903	1446	1
896	898	1447	1
5	6	1448	1
1406	959	1448	1
959	1406	1449	1
3	4	1450	1
1170	434	1450	1
5	6	1451	1
833	832	1451	1
10	788	1452	1
782	788	1452	1
788	782	1453	1
768	1241	1454	1
42	18	1455	1
1241	1237	1456	1
101	150	1457	1
385	453	1457	1
464	130	1458	1
209	374	1458	1
130	464	1459	1
374	209	1459	1
2	8	1460	1
385	453	1460	1
22	23	1461	1
480	54	1461	1
23	22	1462	1
54	480	1462	1
705	743	1463	1
267	78	1463	1
743	705	1464	1
749	702	1465	1
806	485	1466	1
17	19	1467	1
1347	1348	1467	1
1348	1347	1468	1
49	22	1469	1
1346	1347	1469	1
22	49	1470	1
1347	1346	1470	1
1092	1347	1471	1
1347	1092	1472	1
3	4	1473	1
772	1346	1473	1
1346	772	1474	1
21	10	1475	1
1066	1089	1475	1
1089	1066	1476	1
1089	1080	1477	1
1089	1081	1477	1
1080	1089	1478	1
1081	1089	1478	1
577	409	1479	1
857	409	1480	1
409	857	1481	1
578	409	1482	1
69	10	1483	1
31	261	1483	1
261	31	1484	1
2	8	1485	1
300	238	1485	1
238	300	1486	1
2	8	1487	1
238	516	1487	1
516	238	1488	1
275	236	1489	1
2	8	1490	1
237	236	1490	1
236	237	1491	1
275	236	1492	1
200	81	1492	1
275	236	1493	1
281	43	1493	1
236	275	1494	1
43	281	1494	1
195	234	1495	1
281	43	1495	1
234	195	1496	1
43	281	1496	1
2	8	1497	1
235	234	1497	1
234	235	1498	1
2	8	1499	1
236	275	1499	1
275	236	1500	1
236	237	1501	1
2	8	1502	1
196	653	1502	1
643	653	1502	1
653	643	1503	1
1007	643	1504	1
643	1007	1505	1
2	8	1506	1
798	5	1506	1
1443	20	1507	1
1443	37	1507	1
20	1443	1508	1
37	1443	1508	1
1442	798	1509	1
798	1442	1510	1
1441	794	1511	1
794	1441	1512	1
129	531	1513	1
518	11	1514	1
41	42	1516	1
340	1457	1516	1
1457	340	1517	1
41	42	1518	1
1458	1459	1518	1
1459	1458	1519	1
924	337	1520	1
23	22	1521	1
3	4	1522	1
474	22	1522	1
23	22	1523	1
367	520	1524	1
852	10	1526	1
852	606	1526	1
606	852	1527	1
1188	1189	1528	1
1189	1188	1529	1
2	8	1530	1
1107	1108	1530	1
1108	1107	1531	1
10	220	1532	1
125	220	1532	1
220	125	1533	1
1003	124	1534	1
291	172	1535	1
57	47	1536	1
562	172	1536	1
1297	1298	1537	1
7	24	1537	1
1082	1302	1538	1
7	24	1538	1
1163	1299	1539	1
7	24	1539	1
741	463	1540	1
1384	1435	1541	1
1435	1384	1542	1
448	242	1543	1
2	8	1544	1
22	1451	1544	1
121	1451	1544	1
2	8	1545	1
22	1146	1545	1
438	1146	1545	1
2	8	1546	1
22	1452	1546	1
438	1452	1546	1
22	1452	1546	1
1059	1058	1547	1
509	503	1548	1
17	19	1549	1
694	925	1549	1
925	694	1550	1
509	502	1551	1
1119	1123	1552	1
144	1123	1552	1
127	14	1553	1
1021	1332	1553	1
14	127	1554	1
1332	1021	1554	1
127	14	1555	1
526	1358	1555	1
14	127	1556	1
1358	526	1556	1
5	6	1557	1
1071	1325	1557	1
1325	1071	1558	1
5	6	1559	1
1071	800	1559	1
1280	1281	1560	1
1281	1280	1561	1
5	6	1562	1
1281	255	1562	1
2	8	1563	1
503	509	1563	1
123	37	1564	1
7	24	1564	1
996	20	1565	1
996	37	1565	1
20	996	1566	1
37	996	1566	1
461	20	1567	1
461	37	1567	1
20	461	1568	1
37	461	1568	1
1140	1141	1569	1
1141	1140	1570	1
1139	1141	1571	1
1141	1139	1572	1
2	8	1573	1
676	267	1573	1
676	267	1574	1
351	267	1575	1
41	42	1576	1
140	1389	1576	1
127	14	1577	1
418	906	1577	1
2	8	1578	1
6	5	1580	1
922	923	1580	1
610	209	1581	1
610	1394	1581	1
7	24	1581	1
750	585	1582	1
585	750	1583	1
7	24	1584	1
1450	6	1584	1
925	920	1585	1
7	24	1585	1
6	5	1586	1
385	187	1586	1
187	385	1587	1
354	187	1588	1
22	221	1590	1
6	5	1591	1
262	23	1591	1
6	5	1592	1
206	23	1592	1
206	11	1592	1
23	206	1593	1
1369	1456	1594	1
101	150	1595	1
122	191	1595	1
425	123	1596	1
1311	21	1597	1
1311	1278	1597	1
1310	1309	1598	1
1309	1310	1599	1
1277	1309	1600	1
15	517	1600	1
2	8	1601	1
456	465	1601	1
465	456	1602	1
290	256	1603	1
6	5	1604	1
1392	841	1604	1
841	1392	1605	1
878	77	1606	1
878	852	1606	1
883	879	1607	1
1168	1169	1608	1
1169	1168	1609	1
586	1169	1610	1
755	495	1611	1
5	6	1612	1
494	813	1612	1
41	42	1613	1
494	764	1613	1
764	494	1614	1
508	469	1615	1
508	76	1615	1
551	359	1617	1
47	133	1618	1
2	8	1619	1
366	274	1619	1
274	366	1620	1
2	8	1621	1
647	273	1621	1
273	647	1622	1
647	273	1623	1
498	142	1624	1
498	71	1624	1
2	8	1625	1
503	510	1625	1
3	4	1626	1
385	73	1626	1
73	385	1627	1
61	80	1628	1
73	65	1628	1
1430	1431	1629	1
1432	1433	1630	1
657	963	1631	1
963	657	1632	1
824	650	1633	1
650	824	1634	1
23	22	1635	1
652	938	1635	1
22	23	1636	1
938	652	1636	1
23	22	1637	1
428	654	1637	1
22	23	1638	1
654	428	1638	1
1128	487	1639	1
169	404	1640	1
2	8	1641	1
469	508	1641	1
76	508	1641	1
384	697	1642	1
7	24	1642	1
2	8	1643	1
1476	1477	1643	1
1477	1476	1644	1
6	5	1645	1
696	345	1645	1
3	4	1646	1
696	345	1646	1
637	1393	1647	1
1393	637	1648	1
55	20	1649	1
3	4	1650	1
10	21	1650	1
20	21	1650	1
23	22	1651	1
221	163	1651	1
22	23	1652	1
163	221	1652	1
90	162	1653	1
862	89	1653	1
162	90	1654	1
89	862	1654	1
5	6	1655	1
1251	1252	1655	1
89	862	1656	1
1143	1144	1656	1
862	89	1657	1
1144	1143	1657	1
17	19	1658	1
651	564	1658	1
564	651	1659	1
1035	1036	1660	1
1035	28	1660	1
249	343	1661	1
7	24	1661	1
1029	249	1662	1
17	19	1663	1
968	1382	1663	1
1382	968	1664	1
1167	630	1665	1
1474	3	1666	1
1473	3	1667	1
1475	689	1668	1
689	1475	1669	1
733	1475	1670	1
1475	733	1671	1
190	1475	1673	1
35	29	1675	1
30	55	1675	1
55	30	1676	1
55	20	1677	1
35	29	1678	1
10	69	1678	1
33	69	1678	1
69	33	1679	1
1351	1352	1680	1
1093	1353	1681	1
62	230	1682	1
2	8	1683	1
432	638	1683	1
638	432	1684	1
473	140	1685	1
140	903	1686	1
903	140	1687	1
473	140	1688	1
552	140	1689	1
866	88	1690	1
866	96	1690	1
787	667	1691	1
667	787	1692	1
287	67	1693	1
287	96	1693	1
67	287	1694	1
96	287	1694	1
171	26	1695	1
171	96	1695	1
867	26	1696	1
867	96	1696	1
622	1105	1697	1
7	24	1697	1
17	19	1698	1
1074	1077	1698	1
1077	1074	1699	1
17	19	1700	1
127	14	1702	1
379	1109	1702	1
14	127	1703	1
1109	379	1703	1
380	939	1704	1
380	931	1705	1
7	24	1705	1
21	10	1706	1
21	28	1706	1
50	20	1707	1
1267	1266	1708	1
556	1016	1709	1
1067	1359	1710	1
1067	1106	1710	1
23	22	1711	1
420	213	1711	1
22	23	1712	1
213	420	1712	1
3	4	1713	1
10	301	1713	1
213	301	1713	1
212	72	1714	1
21	10	1716	1
189	714	1716	1
714	189	1717	1
3	4	1718	1
468	481	1718	1
5	6	1719	1
1253	1254	1719	1
366	169	1720	1
2	8	1721	1
404	169	1721	1
169	404	1722	1
169	238	1723	1
167	471	1724	1
79	497	1725	1
167	146	1725	1
404	300	1726	1
5	6	1727	1
270	375	1727	1
17	19	1728	1
247	810	1728	1
247	811	1729	1
7	24	1729	1
157	999	1730	1
999	157	1731	1
157	1002	1732	1
1002	157	1733	1
157	857	1734	1
857	157	1735	1
157	1001	1736	1
1001	157	1737	1
821	21	1738	1
835	615	1739	1
734	1032	1740	1
4	3	1741	1
1282	1099	1741	1
349	548	1742	1
69	33	1743	1
125	220	1743	1
33	69	1744	1
220	125	1744	1
757	34	1745	1
34	757	1746	1
34	14	1747	1
34	347	1747	1
34	149	1748	1
149	34	1749	1
550	10	1750	1
550	362	1750	1
21	10	1751	1
858	1081	1751	1
1438	391	1753	1
302	279	1754	1
119	10	1755	1
280	613	1755	1
68	596	1756	1
99	166	1757	1
166	99	1758	1
100	198	1759	1
784	100	1760	1
1434	1431	1761	1
578	998	1762	1
578	22	1762	1
3	118	1763	1
3	1156	1763	1
790	1126	1765	1
1126	790	1766	1
1126	792	1767	1
792	1126	1768	1
2	8	1769	1
73	855	1769	1
855	73	1770	1
4	3	1771	1
391	973	1771	1
3	18	1772	1
3	273	1772	1
3	118	1773	1
3	202	1773	1
190	188	1774	1
59	62	1774	1
62	59	1775	1
3	4	1776	1
811	627	1776	1
4	3	1777	1
188	190	1777	1
52	1262	1779	1
357	1262	1779	1
52	1260	1780	1
164	1260	1780	1
52	1465	1781	1
84	1465	1781	1
838	560	1782	1
838	560	1783	1
2	8	1784	1
597	1463	1784	1
22	1463	1784	1
560	10	1785	1
210	628	1785	1
628	210	1786	1
23	22	1787	1
597	84	1787	1
22	23	1788	1
84	597	1788	1
620	216	1789	1
620	44	1789	1
638	214	1790	1
214	638	1791	1
38	668	1792	1
215	668	1792	1
668	38	1793	1
668	215	1793	1
23	22	1794	1
216	504	1794	1
22	23	1795	1
504	216	1795	1
779	775	1796	1
102	51	1797	1
79	354	1798	1
354	79	1799	1
1481	1482	1800	1
1482	1481	1801	1
852	606	1802	1
1017	22	1803	1
1017	946	1803	1
960	603	1804	1
960	22	1804	1
443	605	1805	1
605	443	1806	1
6	5	1807	1
476	500	1807	1
500	476	1808	1
352	855	1809	1
2	8	1810	1
855	352	1810	1
352	855	1811	1
631	981	1812	1
7	24	1812	1
791	777	1813	1
791	94	1813	1
777	791	1814	1
94	791	1814	1
572	1447	1815	1
572	1147	1815	1
307	843	1816	1
912	1129	1817	1
230	390	1818	1
339	936	1819	1
339	936	1819	1
7	24	1819	1
936	339	1820	1
936	339	1820	1
511	782	1821	1
782	511	1822	1
5	6	1823	1
874	763	1823	1
763	874	1824	1
39	1185	1825	1
1183	1185	1825	1
514	1023	1826	1
1271	1272	1827	1
1272	1271	1828	1
1428	75	1829	1
1428	675	1829	1
7	24	1829	1
549	890	1830	1
887	77	1831	1
887	550	1831	1
550	10	1832	1
31	559	1832	1
550	559	1832	1
135	243	1833	1
220	466	1834	1
220	231	1835	1
1145	595	1836	1
1244	1127	1837	1
1127	1244	1838	1
1100	1250	1839	1
1249	1250	1840	1
1250	1249	1841	1
5	6	1842	1
1125	1244	1842	1
50	583	1843	1
583	50	1844	1
52	861	1845	1
23	861	1845	1
601	403	1846	1
6	5	1847	1
260	82	1847	1
82	260	1848	1
6	5	1849	1
61	80	1851	1
200	81	1851	1
23	22	1852	1
252	357	1852	1
22	23	1853	1
357	252	1853	1
252	357	1854	1
7	24	1854	1
70	26	1855	1
668	94	1856	1
668	47	1856	1
94	668	1857	1
47	668	1857	1
604	20	1858	1
604	94	1858	1
701	18	1859	1
701	94	1859	1
18	701	1860	1
94	701	1860	1
116	94	1861	1
94	116	1862	1
41	42	1863	1
1411	1412	1863	1
1423	1426	1864	1
1426	1423	1865	1
5	6	1866	1
1407	1423	1866	1
1423	1407	1867	1
902	812	1868	1
902	599	1868	1
812	902	1869	1
599	902	1869	1
443	602	1870	1
605	583	1870	1
805	806	1871	1
806	805	1872	1
4	3	1873	1
814	813	1873	1
813	814	1874	1
17	19	1875	1
932	943	1875	1
943	932	1876	1
931	932	1877	1
7	24	1877	1
933	934	1878	1
7	24	1878	1
3	4	1879	1
931	932	1879	1
941	935	1880	1
5	6	1881	1
7	24	1881	1
10	293	1882	1
1072	21	1882	1
1072	293	1882	1
21	1072	1883	1
293	1072	1883	1
540	110	1884	1
151	26	1885	1
32	20	1886	1
37	31	1886	1
20	32	1887	1
31	37	1887	1
274	366	1888	1
200	81	1888	1
31	37	1889	1
7	24	1889	1
31	13	1889	1
1484	39	1890	1
1272	10	1892	1
1272	1040	1892	1
255	10	1893	1
255	528	1893	1
566	10	1894	1
566	1037	1894	1
292	10	1895	1
292	368	1895	1
567	10	1896	1
567	534	1896	1
1370	1484	1897	1
1484	1370	1898	1
3	4	1899	1
1090	1091	1899	1
1091	1090	1900	1
6	5	1901	1
1090	1091	1901	1
1091	1090	1902	1
39	1132	1903	1
1090	1132	1903	1
1132	1090	1904	1
4	3	1905	1
1090	1328	1905	1
1328	1090	1906	1
3	4	1907	1
723	420	1907	1
39	522	1908	1
39	555	1908	1
2	1461	1909	1
105	381	1910	1
381	105	1911	1
2	8	1912	1
105	245	1912	1
76	245	1912	1
245	105	1913	1
245	76	1913	1
105	245	1914	1
76	245	1914	1
23	22	1915	1
1014	1013	1915	1
22	23	1916	1
1013	1014	1916	1
6	5	1917	1
62	605	1917	1
605	62	1918	1
39	1222	1919	1
1216	1222	1919	1
1222	1216	1920	1
622	1022	1921	1
7	24	1921	1
621	994	1922	1
7	24	1922	1
39	1220	1923	1
1222	1220	1923	1
1220	1222	1924	1
485	473	1925	1
473	485	1926	1
89	202	1927	1
202	89	1928	1
1342	1341	1929	1
7	24	1929	1
1340	1342	1930	1
7	24	1930	1
2	8	1931	1
13	129	1931	1
22	49	1933	1
770	743	1933	1
2	8	1934	1
105	406	1934	1
221	406	1934	1
222	264	1935	1
264	222	1936	1
406	105	1937	1
406	221	1937	1
59	62	1938	1
1098	1404	1939	1
1098	158	1939	1
751	708	1940	1
62	230	1941	1
338	146	1942	1
146	338	1943	1
58	346	1944	1
1288	1287	1945	1
396	1137	1946	1
1019	225	1947	1
1019	1018	1947	1
1293	1292	1948	1
1292	1293	1949	1
1290	21	1950	1
1290	1291	1950	1
330	297	1951	1
541	297	1952	1
54	480	1953	1
7	24	1953	1
53	660	1954	1
660	53	1955	1
1183	1026	1956	1
1437	193	1957	1
193	1437	1958	1
1384	106	1959	1
6	5	1960	1
429	180	1960	1
180	429	1961	1
5	6	1962	1
1314	1413	1962	1
1413	1314	1963	1
5	6	1964	1
1314	1415	1964	1
1415	1314	1965	1
5	6	1966	1
1314	1414	1966	1
1414	1314	1967	1
5	6	1968	1
1415	1416	1968	1
1416	1415	1969	1
127	14	1970	1
1415	1425	1970	1
14	127	1971	1
1425	1415	1971	1
127	14	1972	1
1415	1424	1972	1
14	127	1973	1
1424	1415	1973	1
40	14	1974	1
110	331	1974	1
14	40	1975	1
331	110	1975	1
110	347	1976	1
347	110	1977	1
2	8	1978	1
110	232	1978	1
232	110	1979	1
956	950	1980	1
2	8	1982	1
950	955	1982	1
955	950	1983	1
6	5	1984	1
214	492	1984	1
492	214	1985	1
6	5	1986	1
1101	752	1986	1
752	1101	1987	1
5	6	1988	1
1415	1417	1988	1
1417	1415	1989	1
666	723	1990	1
24	7	1991	1
2	8	1992	1
20	30	1992	1
196	30	1992	1
30	20	1993	1
30	116	1994	1
272	420	1995	1
598	30	1996	1
294	43	1997	1
294	71	1997	1
1264	1263	1998	1
487	1265	1999	1
1265	487	2000	1
3	4	2001	1
307	193	2001	1
193	307	2002	1
3	4	2003	1
494	193	2003	1
193	494	2004	1
193	698	2005	1
90	162	2006	1
855	192	2006	1
162	90	2007	1
192	855	2007	1
6	5	2008	1
307	193	2008	1
193	307	2009	1
1009	10	2010	1
1009	1010	2010	1
1011	1010	2011	1
96	423	2012	1
423	96	2013	1
510	487	2014	1
489	69	2015	1
69	489	2016	1
2	18	2017	1
527	818	2017	1
378	681	2019	1
7	24	2019	1
6	5	2020	1
888	377	2020	1
377	682	2021	1
827	21	2022	1
61	80	2023	1
385	453	2023	1
75	591	2024	1
1369	591	2024	1
79	70	2025	1
70	79	2026	1
61	80	2027	1
10	303	2027	1
285	303	2027	1
303	285	2028	1
2	8	2029	1
10	303	2029	1
285	303	2029	1
303	285	2030	1
35	29	2031	1
10	303	2031	1
285	303	2031	1
303	285	2032	1
286	20	2033	1
286	563	2033	1
20	286	2034	1
563	286	2034	1
23	22	2035	1
57	474	2035	1
22	23	2036	1
474	57	2036	1
56	81	2037	1
23	22	2038	1
57	740	2038	1
263	57	2039	1
263	28	2039	1
1049	402	2040	1
1049	1051	2040	1
402	1049	2041	1
1051	1049	2041	1
471	338	2042	1
3	4	2043	1
10	77	2043	1
1011	77	2043	1
39	1121	2045	1
1419	1121	2045	1
1121	1419	2046	1
5	6	2047	1
1063	1419	2047	1
659	474	2049	1
5	6	2050	1
1063	1365	2050	1
5	6	2051	1
1063	1418	2051	1
170	113	2052	1
113	246	2053	1
112	266	2054	1
3	4	2055	1
78	112	2055	1
31	13	2055	1
6	5	2057	1
112	267	2057	1
267	112	2058	1
958	957	2059	1
958	20	2059	1
957	958	2060	1
20	958	2060	1
957	958	2061	1
50	958	2061	1
958	957	2062	1
958	50	2062	1
687	914	2063	1
10	550	2064	1
362	550	2064	1
550	362	2065	1
29	113	2066	1
165	78	2067	1
705	743	2067	1
743	705	2068	1
2	8	2069	1
31	39	2069	1
355	39	2069	1
39	522	2070	1
39	22	2070	1
519	1047	2071	1
542	728	2072	1
189	347	2073	1
189	20	2073	1
347	189	2074	1
20	189	2074	1
190	188	2076	1
58	346	2076	1
346	58	2077	1
190	188	2078	1
62	230	2078	1
230	62	2079	1
191	342	2080	1
342	191	2081	1
191	855	2082	1
855	191	2083	1
988	989	2084	1
988	44	2084	1
989	1020	2085	1
1020	989	2086	1
290	256	2087	1
2	8	2088	1
22	256	2088	1
411	256	2088	1
1044	1045	2089	1
1045	1044	2090	1
2	8	2091	1
158	476	2091	1
476	158	2092	1
5	6	2093	1
1064	1085	2093	1
1085	1064	2094	1
187	158	2095	1
158	187	2096	1
875	511	2097	1
25	79	2098	1
268	40	2098	1
79	25	2099	1
40	268	2099	1
3	4	2100	1
1335	1336	2100	1
1335	1334	2101	1
1466	1467	2102	1
1467	1466	2103	1
288	66	2104	1
288	329	2104	1
59	126	2105	1
7	24	2105	1
58	249	2106	1
5	6	2107	1
418	815	2107	1
4	3	2108	1
418	847	2108	1
565	28	2109	1
565	87	2109	1
2	8	2110	1
87	326	2110	1
21	10	2111	1
87	565	2111	1
565	87	2112	1
738	478	2113	1
493	88	2114	1
493	478	2114	1
720	478	2115	1
709	115	2116	1
232	757	2117	1
757	232	2118	1
21	10	2119	1
1312	1313	2119	1
138	26	2120	1
616	23	2121	1
15	517	2121	1
23	616	2122	1
2	8	2123	1
514	515	2123	1
515	514	2124	1
605	62	2125	1
62	605	2126	1
5	6	2127	1
1062	1117	2127	1
5	6	2128	1
1062	1223	2128	1
281	200	2129	1
455	199	2130	1
199	455	2131	1
200	82	2132	1
82	200	2133	1
1294	1293	2134	1
1294	21	2135	1
1294	1295	2135	1
875	511	2136	1
511	875	2137	1
10	643	2138	1
1319	21	2138	1
1319	643	2138	1
872	485	2139	1
1319	1317	2140	1
1316	1317	2141	1
1317	1316	2142	1
3	4	2143	1
561	254	2143	1
254	561	2144	1
5	6	2145	1
254	894	2145	1
254	901	2146	1
10	1318	2147	1
1315	21	2147	1
1315	1318	2147	1
399	145	2148	1
145	399	2149	1
2	8	2150	1
487	1120	2150	1
1120	487	2151	1
41	42	2152	1
745	1130	2152	1
1130	745	2153	1
464	130	2154	1
538	1331	2154	1
130	464	2155	1
1331	538	2155	1
2	8	2156	1
855	859	2156	1
851	84	2157	1
851	959	2157	1
84	851	2158	1
959	851	2158	1
851	953	2159	1
953	851	2160	1
56	14	2161	1
65	229	2161	1
229	65	2162	1
5	6	2163	1
1086	1209	2163	1
1209	1086	2164	1
90	65	2165	1
862	192	2165	1
65	90	2166	1
192	862	2166	1
15	517	2167	1
301	403	2167	1
403	301	2168	1
1357	1367	2169	1
1357	1119	2169	1
272	420	2170	1
6	5	2171	1
135	589	2171	1
730	722	2172	1
722	730	2173	1
6	5	2174	1
723	420	2174	1
1136	1145	2175	1
6	5	2176	1
70	500	2176	1
500	70	2177	1
1066	1080	2178	1
1080	1066	2179	1
21	10	2180	1
1081	1349	2180	1
1349	1081	2181	1
105	247	2182	1
56	14	2183	1
281	43	2183	1
43	281	2184	1
35	29	2185	1
281	43	2185	1
43	281	2186	1
86	43	2187	1
48	43	2188	1
2	8	2189	1
43	86	2189	1
86	43	2190	1
2	8	2191	1
281	43	2191	1
43	281	2192	1
43	281	2193	1
1370	39	2194	1
