779	699	1	1
699	779	2	1
476	820	3	1
476	12	3	1
91	820	3	1
91	12	3	1
84	657	4	1
117	168	5	1
117	13	5	1
1	168	5	1
1	13	5	1
202	12	6	1
202	235	6	1
97	12	6	1
97	235	6	1
631	632	7	1
631	19	7	1
17	632	7	1
17	19	7	1
491	659	8	1
491	22	8	1
23	659	8	1
23	22	8	1
659	491	9	1
22	491	9	1
659	23	9	1
22	23	9	1
2	8	10	1
2	461	10	1
410	8	10	1
410	461	10	1
8	410	11	1
461	410	11	1
411	602	12	1
411	73	12	1
1	602	12	1
1	73	12	1
184	197	13	1
184	258	13	1
1	197	13	1
1	258	13	1
197	184	14	1
2	8	15	1
2	184	15	1
210	8	15	1
210	184	15	1
8	210	16	1
184	210	16	1
210	184	17	1
54	184	17	1
210	20	17	1
54	20	17	1
2	8	18	1
2	9	18	1
2	297	18	1
77	8	18	1
77	9	18	1
77	297	18	1
185	8	18	1
185	9	18	1
185	297	18	1
8	77	19	1
297	77	19	1
2	8	20	1
2	9	20	1
2	421	20	1
348	8	20	1
348	9	20	1
348	421	20	1
11	8	20	1
11	9	20	1
11	421	20	1
8	348	21	1
421	348	21	1
272	278	22	1
272	3	22	1
272	1	22	1
7	278	22	1
7	3	22	1
7	1	22	1
4	278	22	1
4	3	22	1
4	1	22	1
59	278	22	1
59	3	22	1
59	1	22	1
80	20	23	1
54	20	23	1
60	80	24	1
60	54	24	1
60	11	24	1
30	80	24	1
30	54	24	1
30	11	24	1
80	30	25	1
54	30	25	1
60	98	26	1
60	12	26	1
1	98	26	1
1	12	26	1
2	8	27	1
2	60	27	1
80	8	27	1
80	60	27	1
8	80	28	1
25	14	29	1
25	299	29	1
70	14	29	1
70	299	29	1
838	792	30	1
838	12	30	1
1	792	30	1
1	12	30	1
137	334	31	1
334	137	32	1
159	90	33	1
64	182	34	1
64	154	34	1
90	182	34	1
90	154	34	1
182	64	35	1
154	64	35	1
182	90	35	1
154	90	35	1
293	90	36	1
293	63	36	1
90	293	37	1
63	293	37	1
207	85	38	1
207	90	38	1
85	207	39	1
90	207	39	1
2	18	40	1
2	118	40	1
2	12	40	1
165	18	40	1
165	118	40	1
165	12	40	1
10	18	40	1
10	118	40	1
10	12	40	1
18	165	41	1
118	165	41	1
343	75	42	1
343	28	42	1
183	75	42	1
183	28	42	1
35	12	43	1
35	74	43	1
281	12	43	1
281	74	43	1
74	281	44	1
2	268	45	1
2	12	45	1
2	8	47	1
2	557	47	1
389	8	47	1
389	557	47	1
8	389	48	1
557	389	48	1
498	557	49	1
498	592	49	1
498	53	49	1
498	44	49	1
498	160	49	1
17	557	49	1
17	592	49	1
17	53	49	1
17	44	49	1
17	160	49	1
441	508	50	1
7	508	50	1
269	87	51	1
269	87	52	1
358	85	53	1
358	270	53	1
85	358	54	1
270	358	54	1
269	307	55	1
269	4	55	1
269	59	55	1
3	307	55	1
3	4	55	1
3	59	55	1
1	307	55	1
1	4	55	1
1	59	55	1
269	307	56	1
269	5	56	1
269	59	56	1
6	307	56	1
6	5	56	1
6	59	56	1
1	307	56	1
1	5	56	1
1	59	56	1
521	22	57	1
521	5	57	1
521	59	57	1
6	22	57	1
6	5	57	1
6	59	57	1
1	22	57	1
1	5	57	1
1	59	57	1
521	22	58	1
521	4	58	1
521	59	58	1
3	22	58	1
3	4	58	1
3	59	58	1
1	22	58	1
1	4	58	1
1	59	58	1
150	21	59	1
150	11	59	1
150	5	59	1
150	59	59	1
10	21	59	1
10	11	59	1
10	5	59	1
10	59	59	1
6	21	59	1
6	11	59	1
6	5	59	1
6	59	59	1
150	21	60	1
150	11	60	1
150	4	60	1
150	59	60	1
10	21	60	1
10	11	60	1
10	4	60	1
10	59	60	1
3	21	60	1
3	11	60	1
3	4	60	1
3	59	60	1
20	134	61	1
528	558	62	1
742	178	63	1
742	1	63	1
178	742	64	1
2	8	65	1
2	142	65	1
209	8	65	1
209	142	65	1
8	209	66	1
142	209	66	1
472	673	67	1
7	673	67	1
442	129	68	1
442	13	68	1
1	129	68	1
1	13	68	1
575	12	69	1
575	354	69	1
575	11	69	1
816	12	69	1
816	354	69	1
816	11	69	1
52	478	70	1
52	18	70	1
8	478	70	1
8	18	70	1
478	8	71	1
18	8	71	1
485	744	72	1
485	1	72	1
2	258	73	1
2	685	73	1
629	258	73	1
629	685	73	1
685	629	74	1
2	18	75	1
2	91	75	1
89	18	75	1
89	91	75	1
18	89	76	1
91	89	76	1
500	39	77	1
500	171	77	1
1	39	77	1
1	171	77	1
584	81	78	1
584	646	78	1
782	81	78	1
782	646	78	1
81	584	79	1
646	584	79	1
81	782	79	1
646	782	79	1
719	720	80	1
719	12	80	1
48	720	80	1
48	12	80	1
720	719	81	1
720	721	82	1
720	8	82	1
2	721	82	1
2	8	82	1
721	720	83	1
8	720	83	1
20	722	84	1
20	11	84	1
90	722	84	1
90	11	84	1
721	723	85	1
721	43	85	1
598	191	86	1
89	16	87	1
89	1	87	1
89	9	87	1
90	16	87	1
90	1	87	1
90	9	87	1
13	16	87	1
13	1	87	1
13	9	87	1
48	43	88	1
48	12	88	1
48	545	88	1
503	43	88	1
503	12	88	1
503	545	88	1
75	43	88	1
75	12	88	1
75	545	88	1
261	200	89	1
261	4	89	1
261	59	89	1
3	200	89	1
3	4	89	1
3	59	89	1
1	200	89	1
1	4	89	1
1	59	89	1
49	22	90	1
49	205	90	1
64	22	90	1
64	205	90	1
22	49	91	1
205	49	91	1
22	64	91	1
205	64	91	1
207	64	92	1
207	9	92	1
1	64	92	1
1	9	92	1
205	64	93	1
205	13	93	1
1	64	93	1
1	13	93	1
12	9	94	1
12	207	94	1
64	9	94	1
64	207	94	1
207	64	95	1
48	86	96	1
48	207	96	1
64	86	96	1
64	207	96	1
86	64	97	1
207	64	97	1
359	517	98	1
359	8	98	1
2	517	98	1
2	8	98	1
48	86	99	1
48	517	99	1
359	86	99	1
359	517	99	1
17	550	100	1
17	348	100	1
357	550	100	1
357	348	100	1
550	357	101	1
348	357	101	1
55	14	102	1
55	517	102	1
359	14	102	1
359	517	102	1
60	80	103	1
60	517	103	1
359	80	103	1
359	517	103	1
213	146	104	1
213	9	104	1
1	146	104	1
1	9	104	1
538	655	105	1
538	4	105	1
538	59	105	1
3	655	105	1
3	4	105	1
3	59	105	1
1	655	105	1
1	4	105	1
1	59	105	1
655	538	106	1
538	655	107	1
538	5	107	1
538	59	107	1
6	655	107	1
6	5	107	1
6	59	107	1
1	655	107	1
1	5	107	1
1	59	107	1
655	538	108	1
531	537	109	1
537	109	110	1
537	1	110	1
658	314	111	1
658	4	111	1
658	59	111	1
3	314	111	1
3	4	111	1
3	59	111	1
1	314	111	1
1	4	111	1
1	59	111	1
2	8	112	1
2	543	112	1
540	8	112	1
540	543	112	1
2	12	113	1
2	15	113	1
46	12	113	1
46	15	113	1
23	356	115	1
67	73	116	1
67	26	116	1
1	73	116	1
1	26	116	1
67	436	117	1
67	177	117	1
1	436	117	1
1	177	117	1
2	18	118	1
2	12	118	1
2	116	118	1
2	22	118	1
38	18	118	1
38	12	118	1
38	116	118	1
38	22	118	1
49	18	118	1
49	12	118	1
49	116	118	1
49	22	118	1
1	18	118	1
1	12	118	1
1	116	118	1
1	22	118	1
2	8	119	1
2	9	119	1
2	22	119	1
2	126	119	1
49	8	119	1
49	9	119	1
49	22	119	1
49	126	119	1
185	8	119	1
185	9	119	1
185	22	119	1
185	126	119	1
1	8	119	1
1	9	119	1
1	22	119	1
1	126	119	1
2	8	120	1
2	48	120	1
86	8	120	1
86	48	120	1
8	86	121	1
2	8	122	1
2	9	122	1
2	48	122	1
55	8	122	1
55	9	122	1
55	48	122	1
13	8	122	1
13	9	122	1
13	48	122	1
86	20	124	1
54	20	124	1
2	8	125	1
2	9	125	1
2	48	125	1
2	22	125	1
55	8	125	1
55	9	125	1
55	48	125	1
55	22	125	1
49	8	125	1
49	9	125	1
49	48	125	1
49	22	125	1
1	8	125	1
1	9	125	1
1	48	125	1
1	22	125	1
2	12	126	1
2	324	126	1
376	12	126	1
376	324	126	1
324	18	127	1
324	376	127	1
1	18	127	1
1	376	127	1
163	273	128	1
163	22	128	1
23	273	128	1
23	22	128	1
273	163	129	1
22	163	129	1
273	23	129	1
22	23	129	1
167	332	130	1
332	167	131	1
167	718	132	1
167	22	132	1
49	718	132	1
49	22	132	1
167	169	133	1
387	167	134	1
387	9	134	1
670	205	135	1
205	670	136	1
235	12	137	1
235	206	137	1
97	12	137	1
97	206	137	1
431	829	138	1
4	18	139	1
4	835	139	1
1	18	139	1
1	835	139	1
640	513	140	1
85	513	140	1
509	322	141	1
1	322	141	1
727	723	142	1
727	465	142	1
1	723	142	1
1	465	142	1
469	723	142	1
469	465	142	1
723	727	143	1
465	727	143	1
723	469	143	1
465	469	143	1
2	8	144	1
2	70	144	1
26	8	144	1
26	70	144	1
25	40	145	1
40	25	146	1
374	260	147	1
374	11	147	1
7	260	147	1
7	11	147	1
2	8	148	1
2	9	148	1
2	62	148	1
21	8	148	1
21	9	148	1
21	62	148	1
185	8	148	1
185	9	148	1
185	62	148	1
8	21	149	1
62	21	149	1
231	480	150	1
231	5	150	1
231	59	150	1
9	480	150	1
9	5	150	1
9	59	150	1
6	480	150	1
6	5	150	1
6	59	150	1
480	231	151	1
463	2	152	1
463	91	152	1
12	2	152	1
12	91	152	1
91	463	153	1
351	435	154	1
351	28	154	1
75	435	154	1
75	28	154	1
617	20	155	1
617	13	155	1
617	624	155	1
1	20	155	1
1	13	155	1
1	624	155	1
20	617	156	1
624	617	156	1
621	594	157	1
621	530	157	1
553	594	157	1
553	530	157	1
594	621	158	1
530	621	158	1
594	553	158	1
530	553	158	1
739	509	159	1
2	8	160	1
2	6	160	1
3	8	160	1
3	6	160	1
2	8	162	1
2	9	162	1
2	579	162	1
574	8	162	1
574	9	162	1
574	579	162	1
38	8	162	1
38	9	162	1
38	579	162	1
576	630	163	1
576	9	163	1
1	630	163	1
1	9	163	1
451	308	164	1
451	9	164	1
1	308	164	1
1	9	164	1
567	385	165	1
567	1	165	1
497	327	166	1
497	9	166	1
1	327	166	1
1	9	166	1
327	497	167	1
2	8	168	1
2	361	168	1
175	8	168	1
175	361	168	1
186	174	169	1
186	93	169	1
1	174	169	1
1	93	169	1
231	175	170	1
231	175	171	1
69	10	172	1
69	364	172	1
175	10	172	1
175	364	172	1
21	10	173	1
21	351	173	1
175	10	173	1
175	351	173	1
209	263	174	1
209	9	174	1
1	263	174	1
1	9	174	1
208	536	175	1
536	208	176	1
696	697	177	1
696	4	177	1
696	59	177	1
3	697	177	1
3	4	177	1
3	59	177	1
1	697	177	1
1	4	177	1
1	59	177	1
106	107	178	1
106	5	178	1
6	107	178	1
6	5	178	1
59	107	178	1
59	5	178	1
406	614	179	1
406	5	179	1
406	59	179	1
6	614	179	1
6	5	179	1
6	59	179	1
1	614	179	1
1	5	179	1
1	59	179	1
2	12	181	1
2	3	181	1
236	12	181	1
236	3	181	1
8	276	183	1
529	276	183	1
39	96	184	1
39	577	184	1
39	1	184	1
596	96	184	1
596	577	184	1
596	1	184	1
96	596	185	1
577	596	185	1
39	96	186	1
39	573	186	1
39	1	186	1
656	96	186	1
656	573	186	1
656	1	186	1
96	656	187	1
573	656	187	1
364	259	188	1
75	259	188	1
364	33	188	1
75	33	188	1
271	164	189	1
271	4	189	1
271	59	189	1
3	164	189	1
3	4	189	1
3	59	189	1
164	271	190	1
203	140	191	1
203	11	191	1
203	5	191	1
203	59	191	1
6	140	191	1
6	11	191	1
6	5	191	1
6	59	191	1
140	203	192	1
140	154	193	1
154	140	194	1
127	113	195	1
127	481	195	1
1	113	195	1
1	481	195	1
2	8	196	1
2	9	196	1
2	652	196	1
651	8	196	1
651	9	196	1
651	652	196	1
22	8	196	1
22	9	196	1
22	652	196	1
8	651	197	1
652	651	197	1
8	22	197	1
652	22	197	1
2	8	198	1
18	8	198	1
8	18	199	1
8	9	200	1
8	384	200	1
2	9	200	1
2	384	200	1
384	8	201	1
21	10	202	1
21	555	202	1
670	10	202	1
670	555	202	1
135	828	203	1
135	12	203	1
135	1	203	1
2	828	203	1
2	12	203	1
2	1	203	1
185	828	203	1
185	12	203	1
185	1	203	1
59	828	203	1
59	12	203	1
59	1	203	1
407	311	204	1
388	509	205	1
388	11	205	1
2	8	206	1
2	9	206	1
2	786	206	1
185	8	206	1
185	9	206	1
185	786	206	1
104	8	206	1
104	9	206	1
104	786	206	1
59	8	206	1
59	9	206	1
59	786	206	1
8	104	207	1
786	104	207	1
270	173	208	1
270	4	208	1
270	59	208	1
3	173	208	1
3	4	208	1
3	59	208	1
1	173	208	1
1	4	208	1
1	59	208	1
659	429	209	1
659	4	209	1
659	59	209	1
3	429	209	1
3	4	209	1
3	59	209	1
1	429	209	1
1	4	209	1
1	59	209	1
428	450	210	1
450	428	211	1
84	660	212	1
84	52	212	1
589	660	212	1
589	52	212	1
660	84	213	1
660	589	213	1
403	511	214	1
403	1	214	1
7	511	214	1
7	1	214	1
405	695	215	1
405	6	215	1
405	1	215	1
7	695	215	1
7	6	215	1
7	1	215	1
5	695	215	1
5	6	215	1
5	1	215	1
59	695	215	1
59	6	215	1
59	1	215	1
21	10	216	1
21	276	216	1
22	10	216	1
22	276	216	1
32	20	217	1
32	22	217	1
23	20	217	1
23	22	217	1
20	32	218	1
22	32	218	1
20	23	218	1
22	23	218	1
49	22	219	1
49	13	219	1
1	22	219	1
1	13	219	1
2	8	220	1
2	9	220	1
2	22	220	1
420	8	220	1
420	9	220	1
420	22	220	1
1	8	220	1
1	9	220	1
1	22	220	1
2	8	221	1
2	9	221	1
2	49	221	1
22	8	221	1
22	9	221	1
22	49	221	1
13	8	221	1
13	9	221	1
13	49	221	1
8	22	222	1
49	22	222	1
75	183	223	1
75	20	223	1
75	13	223	1
1	183	223	1
1	20	223	1
1	13	223	1
453	729	224	1
453	4	224	1
453	59	224	1
1	729	224	1
1	4	224	1
1	59	224	1
3	729	224	1
3	4	224	1
3	59	224	1
120	191	225	1
191	120	226	1
120	224	227	1
120	1	227	1
224	120	228	1
242	215	229	1
242	4	229	1
242	59	229	1
3	215	229	1
3	4	229	1
3	59	229	1
215	242	230	1
604	603	231	1
249	8	232	1
249	815	232	1
79	8	232	1
79	815	232	1
8	249	233	1
815	249	233	1
8	79	233	1
815	79	233	1
578	12	234	1
578	335	234	1
267	12	234	1
267	335	234	1
391	335	235	1
391	1	235	1
267	335	235	1
267	1	235	1
335	391	236	1
335	267	236	1
2	8	237	1
2	239	237	1
399	8	237	1
399	239	237	1
8	399	238	1
239	399	238	1
771	772	239	1
771	4	239	1
771	59	239	1
3	772	239	1
3	4	239	1
3	59	239	1
133	149	240	1
1	149	240	1
787	63	241	1
787	66	241	1
787	46	241	1
787	1	241	1
7	63	241	1
7	66	241	1
7	46	241	1
7	1	241	1
419	63	241	1
419	66	241	1
419	46	241	1
419	1	241	1
63	787	242	1
220	73	243	1
220	4	243	1
220	59	243	1
3	73	243	1
3	4	243	1
3	59	243	1
73	220	244	1
2	8	245	1
2	9	245	1
2	519	245	1
482	8	245	1
482	9	245	1
482	519	245	1
31	8	245	1
31	9	245	1
31	519	245	1
376	168	246	1
376	576	246	1
376	59	246	1
483	168	246	1
483	576	246	1
483	59	246	1
68	446	247	1
7	446	247	1
68	296	248	1
7	296	248	1
112	68	249	1
112	6	249	1
112	1	249	1
7	68	249	1
7	6	249	1
7	1	249	1
5	68	249	1
5	6	249	1
5	1	249	1
59	68	249	1
59	6	249	1
59	1	249	1
24	96	250	1
24	1	250	1
39	96	250	1
39	1	250	1
2	8	251	1
2	277	251	1
192	8	251	1
192	277	251	1
8	192	252	1
277	192	252	1
158	12	253	1
158	202	253	1
97	12	253	1
97	202	253	1
232	157	254	1
232	59	254	1
1	157	254	1
1	59	254	1
157	232	255	1
534	156	256	1
214	223	257	1
214	213	257	1
110	223	257	1
110	213	257	1
239	214	258	1
239	12	258	1
1	214	258	1
1	12	258	1
779	539	259	1
433	533	260	1
433	1	260	1
533	433	261	1
261	200	262	1
261	5	262	1
261	59	262	1
6	200	262	1
6	5	262	1
6	59	262	1
1	200	262	1
1	5	262	1
1	59	262	1
727	158	263	1
106	158	263	1
727	107	263	1
106	107	263	1
289	595	264	1
595	289	265	1
35	649	266	1
1	649	266	1
2	18	268	1
2	554	268	1
35	18	268	1
35	554	268	1
35	585	270	1
35	44	270	1
1	585	270	1
1	44	270	1
35	44	271	1
35	393	271	1
35	12	271	1
1	44	271	1
1	393	271	1
1	12	271	1
235	560	272	1
235	12	272	1
97	560	272	1
97	12	272	1
361	135	273	1
361	9	273	1
1	135	273	1
1	9	273	1
71	85	274	1
71	400	274	1
15	85	274	1
15	400	274	1
85	71	275	1
85	71	276	1
2	8	277	1
2	71	277	1
88	8	277	1
88	71	277	1
8	88	278	1
71	88	278	1
71	88	279	1
71	9	279	1
1	88	279	1
1	9	279	1
85	71	280	1
525	568	281	1
91	568	281	1
341	637	282	1
695	528	283	1
7	528	283	1
366	127	284	1
366	193	284	1
102	127	284	1
102	193	284	1
127	366	285	1
193	366	285	1
127	102	285	1
193	102	285	1
219	162	286	1
219	93	286	1
1	162	286	1
1	93	286	1
90	16	287	1
90	22	287	1
90	9	287	1
90	1	287	1
140	16	287	1
140	22	287	1
140	9	287	1
140	1	287	1
49	16	287	1
49	22	287	1
49	9	287	1
49	1	287	1
538	369	288	1
538	369	289	1
598	23	290	1
598	11	290	1
167	83	291	1
167	20	291	1
167	1	291	1
13	83	291	1
13	20	291	1
13	1	291	1
167	83	292	1
167	20	292	1
167	22	292	1
49	83	292	1
49	20	292	1
49	22	292	1
336	347	293	1
336	13	293	1
1	347	293	1
1	13	293	1
18	144	294	1
18	9	294	1
1	144	294	1
1	9	294	1
18	113	295	1
18	89	295	1
1	113	295	1
1	89	295	1
2	18	296	1
2	12	296	1
2	3	296	1
324	18	296	1
324	12	296	1
324	3	296	1
13	18	296	1
13	12	296	1
13	3	296	1
18	324	297	1
736	735	298	1
823	822	299	1
823	4	299	1
823	59	299	1
3	822	299	1
3	4	299	1
3	59	299	1
822	823	300	1
2	12	301	1
2	750	301	1
751	12	301	1
751	750	301	1
27	250	302	1
27	740	302	1
27	160	302	1
27	107	302	1
27	1	302	1
106	250	302	1
106	740	302	1
106	160	302	1
106	107	302	1
106	1	302	1
7	250	302	1
7	740	302	1
7	160	302	1
7	107	302	1
7	1	302	1
59	250	302	1
59	740	302	1
59	160	302	1
59	107	302	1
59	1	302	1
250	27	303	1
107	27	303	1
250	106	303	1
107	106	303	1
727	97	304	1
727	107	304	1
727	1	304	1
106	97	304	1
106	107	304	1
106	1	304	1
59	97	304	1
59	107	304	1
59	1	304	1
2	8	305	1
2	9	305	1
2	69	305	1
33	8	305	1
33	9	305	1
33	69	305	1
10	8	305	1
10	9	305	1
10	69	305	1
8	33	306	1
69	33	306	1
32	101	307	1
101	32	308	1
561	20	309	1
561	33	309	1
20	561	310	1
33	561	310	1
709	777	311	1
709	12	311	1
91	777	311	1
91	12	311	1
443	565	312	1
443	12	312	1
91	565	312	1
91	12	312	1
565	443	313	1
565	91	313	1
773	774	314	1
773	12	314	1
91	774	314	1
91	12	314	1
2	8	315	1
2	844	315	1
843	8	315	1
843	844	315	1
8	843	316	1
844	843	316	1
844	535	317	1
844	12	317	1
1	535	317	1
1	12	317	1
535	844	318	1
362	81	319	1
362	11	319	1
81	188	320	1
81	9	320	1
1	188	320	1
1	9	320	1
2	8	321	1
2	365	321	1
319	8	321	1
319	365	321	1
790	44	322	1
790	693	322	1
790	4	322	1
790	59	322	1
3	44	322	1
3	693	322	1
3	4	322	1
3	59	322	1
1	44	322	1
1	693	322	1
1	4	322	1
1	59	322	1
2	8	323	1
2	10	323	1
331	8	323	1
331	10	323	1
8	331	324	1
8	22	325	1
492	22	325	1
198	21	326	1
21	10	327	1
21	152	327	1
9	10	327	1
9	152	327	1
152	21	328	1
2	8	329	1
2	9	329	1
2	746	329	1
498	8	329	1
498	9	329	1
498	746	329	1
185	8	329	1
185	9	329	1
185	746	329	1
151	45	330	1
151	384	330	1
2	45	330	1
2	384	330	1
416	218	331	1
416	93	331	1
1	218	331	1
1	93	331	1
218	285	332	1
91	285	332	1
448	456	333	1
448	1	333	1
456	448	334	1
586	588	335	1
588	586	336	1
548	448	337	1
448	548	338	1
494	212	339	1
494	825	339	1
824	212	339	1
824	825	339	1
2	8	340	1
2	545	340	1
526	8	340	1
526	545	340	1
140	745	341	1
140	44	341	1
2	8	342	1
2	99	342	1
142	8	342	1
142	99	342	1
8	142	343	1
99	142	343	1
35	29	344	1
35	9	344	1
35	518	344	1
98	29	344	1
98	9	344	1
98	518	344	1
38	29	344	1
38	9	344	1
38	518	344	1
29	98	345	1
518	98	345	1
29	38	345	1
518	38	345	1
174	98	346	1
91	98	346	1
285	98	347	1
142	99	348	1
54	99	348	1
142	20	348	1
54	20	348	1
225	336	349	1
225	1	349	1
672	130	350	1
672	9	350	1
1	130	350	1
1	9	350	1
185	11	352	1
185	1	352	1
59	11	352	1
59	1	352	1
346	75	354	1
346	9	354	1
183	75	354	1
183	9	354	1
459	315	355	1
459	4	355	1
459	59	355	1
3	315	355	1
3	4	355	1
3	59	355	1
1	315	355	1
1	4	355	1
1	59	355	1
795	796	356	1
795	6	356	1
795	396	356	1
5	796	356	1
5	6	356	1
5	396	356	1
59	796	356	1
59	6	356	1
59	396	356	1
796	795	357	1
795	796	358	1
795	3	358	1
795	396	358	1
4	796	358	1
4	3	358	1
4	396	358	1
59	796	358	1
59	3	358	1
59	396	358	1
796	795	359	1
793	794	360	1
7	794	360	1
669	585	361	1
417	479	362	1
211	197	363	1
211	9	363	1
1	197	363	1
1	9	363	1
89	140	364	1
140	89	365	1
274	89	366	1
89	274	367	1
2	8	368	1
2	89	368	1
93	8	368	1
93	89	368	1
2	8	369	1
2	52	369	1
354	8	369	1
354	52	369	1
2	8	370	1
2	154	370	1
190	8	370	1
190	154	370	1
153	370	371	1
7	370	371	1
2	12	372	1
2	249	372	1
79	12	372	1
79	249	372	1
249	79	373	1
110	78	374	1
110	50	374	1
31	78	374	1
31	50	374	1
1	78	374	1
1	50	374	1
50	110	375	1
50	31	375	1
157	44	376	1
157	78	376	1
1	44	376	1
1	78	376	1
95	156	377	1
95	22	377	1
23	156	377	1
23	22	377	1
156	95	378	1
22	95	378	1
156	23	378	1
22	23	378	1
2	8	379	1
2	233	379	1
344	8	379	1
344	233	379	1
8	344	380	1
233	344	380	1
508	705	381	1
508	396	381	1
508	11	381	1
705	508	382	1
50	57	383	1
50	90	383	1
50	1	383	1
504	57	383	1
504	90	383	1
504	1	383	1
303	285	384	1
303	12	384	1
1	285	384	1
1	12	384	1
501	765	385	1
501	4	385	1
501	59	385	1
3	765	385	1
3	4	385	1
3	59	385	1
1	765	385	1
1	4	385	1
1	59	385	1
102	261	386	1
102	13	386	1
102	24	386	1
7	261	386	1
7	13	386	1
7	24	386	1
1	261	386	1
1	13	386	1
1	24	386	1
2	8	387	1
2	9	387	1
2	345	387	1
101	8	387	1
101	9	387	1
101	345	387	1
325	103	388	1
325	4	388	1
325	59	388	1
3	103	388	1
3	4	388	1
3	59	388	1
1	103	388	1
1	4	388	1
1	59	388	1
103	325	389	1
69	21	390	1
69	33	390	1
28	21	390	1
28	33	390	1
21	69	391	1
33	69	391	1
21	28	391	1
33	28	391	1
608	607	392	1
70	382	393	1
70	4	393	1
70	59	393	1
3	382	393	1
3	4	393	1
3	59	393	1
382	70	394	1
552	69	395	1
552	522	395	1
2	8	396	1
2	9	396	1
2	290	396	1
22	8	396	1
22	9	396	1
22	290	396	1
75	8	396	1
75	9	396	1
75	290	396	1
582	832	397	1
832	582	398	1
199	262	399	1
262	199	400	1
50	343	401	1
50	10	401	1
21	343	401	1
21	10	401	1
343	50	402	1
343	21	402	1
346	50	403	1
346	9	403	1
1	50	403	1
1	9	403	1
70	523	404	1
81	82	405	1
81	91	405	1
12	82	405	1
12	91	405	1
82	81	406	1
91	81	406	1
342	109	407	1
342	51	407	1
109	342	408	1
51	342	408	1
131	109	409	1
131	22	409	1
23	109	409	1
23	22	409	1
109	131	410	1
22	131	410	1
109	23	410	1
22	23	410	1
131	109	411	1
131	32	411	1
20	109	411	1
20	32	411	1
109	131	412	1
32	131	412	1
109	20	412	1
32	20	412	1
21	448	413	1
109	448	413	1
619	144	414	1
619	621	414	1
1	144	414	1
1	621	414	1
144	619	415	1
621	619	415	1
332	766	416	1
332	11	416	1
23	766	416	1
23	11	416	1
766	332	417	1
766	23	417	1
21	120	418	1
30	120	418	1
266	21	419	1
266	30	419	1
21	266	420	1
30	266	420	1
409	458	421	1
409	149	421	1
1	458	421	1
1	149	421	1
593	21	422	1
593	104	422	1
661	292	423	1
661	1	423	1
662	531	424	1
531	662	425	1
723	727	426	1
723	1	426	1
723	107	426	1
106	727	426	1
106	1	426	1
106	107	426	1
425	493	427	1
425	3	427	1
4	493	427	1
4	3	427	1
59	493	427	1
59	3	427	1
717	46	428	1
717	72	428	1
717	1	428	1
717	51	428	1
419	46	428	1
419	72	428	1
419	1	428	1
419	51	428	1
7	46	428	1
7	72	428	1
7	1	428	1
7	51	428	1
191	224	429	1
191	1	429	1
224	191	430	1
548	156	431	1
548	11	431	1
548	4	431	1
548	59	431	1
3	156	431	1
3	11	431	1
3	4	431	1
3	59	431	1
156	548	432	1
635	462	433	1
2	18	434	1
2	12	434	1
2	485	434	1
462	18	434	1
462	12	434	1
462	485	434	1
10	18	434	1
10	12	434	1
10	485	434	1
463	464	435	1
463	12	435	1
1	464	435	1
1	12	435	1
464	463	436	1
464	586	437	1
1	586	437	1
586	464	438	1
2	8	439	1
2	9	439	1
2	651	439	1
157	8	439	1
157	9	439	1
157	651	439	1
22	8	439	1
22	9	439	1
22	651	439	1
2	18	440	1
2	12	440	1
2	326	440	1
252	18	440	1
252	12	440	1
252	326	440	1
76	18	440	1
76	12	440	1
76	326	440	1
342	252	441	1
14	20	442	1
54	20	442	1
279	54	443	1
279	1	443	1
54	279	444	1
351	53	445	1
351	28	445	1
222	53	445	1
222	28	445	1
353	328	446	1
353	5	446	1
353	59	446	1
6	328	446	1
6	5	446	1
6	59	446	1
328	353	447	1
605	75	448	1
76	150	449	1
76	22	449	1
23	150	449	1
23	22	449	1
150	76	450	1
22	76	450	1
150	23	450	1
22	23	450	1
585	582	451	1
585	9	451	1
1	582	451	1
1	9	451	1
2	18	452	1
2	12	452	1
2	111	452	1
285	18	452	1
285	12	452	1
285	111	452	1
13	18	452	1
13	12	452	1
13	111	452	1
2	18	453	1
2	12	453	1
2	111	453	1
2	22	453	1
285	18	453	1
285	12	453	1
285	111	453	1
285	22	453	1
49	18	453	1
49	12	453	1
49	111	453	1
49	22	453	1
1	18	453	1
1	12	453	1
1	111	453	1
1	22	453	1
722	719	454	1
8	18	455	1
8	9	455	1
8	4	455	1
581	18	455	1
581	9	455	1
581	4	455	1
8	18	456	1
8	9	456	1
8	5	456	1
587	18	456	1
587	9	456	1
587	5	456	1
2	8	457	1
2	29	457	1
111	8	457	1
111	29	457	1
8	111	458	1
29	111	458	1
2	8	459	1
2	35	459	1
29	8	459	1
29	35	459	1
8	29	460	1
380	29	461	1
380	12	461	1
1	29	461	1
1	12	461	1
35	29	462	1
35	9	462	1
1	29	462	1
1	9	462	1
438	763	463	1
438	3	463	1
4	763	463	1
4	3	463	1
59	763	463	1
59	3	463	1
7	763	463	1
7	3	463	1
438	764	464	1
438	3	464	1
4	764	464	1
4	3	464	1
59	764	464	1
59	3	464	1
7	764	464	1
7	3	464	1
439	761	465	1
439	3	465	1
4	761	465	1
4	3	465	1
59	761	465	1
59	3	465	1
7	761	465	1
7	3	465	1
439	760	466	1
439	3	466	1
4	760	466	1
4	3	466	1
7	760	466	1
7	3	466	1
59	760	466	1
59	3	466	1
38	76	467	1
38	11	467	1
116	38	468	1
116	13	468	1
1	38	468	1
1	13	468	1
8	38	469	1
480	38	469	1
2	18	470	1
2	12	470	1
2	116	470	1
38	18	470	1
38	12	470	1
38	116	470	1
13	18	470	1
13	12	470	1
13	116	470	1
432	322	471	1
600	182	473	1
600	595	473	1
90	182	473	1
90	595	473	1
182	600	474	1
595	600	474	1
182	90	474	1
595	90	474	1
54	569	475	1
54	9	475	1
182	569	475	1
182	9	475	1
1	569	475	1
1	9	475	1
234	85	476	1
234	182	476	1
85	234	477	1
182	234	477	1
2	8	478	1
2	9	478	1
2	714	478	1
78	8	478	1
78	9	478	1
78	714	478	1
22	8	478	1
22	9	478	1
22	714	478	1
20	333	479	1
653	473	480	1
653	4	480	1
653	59	480	1
3	473	480	1
3	4	480	1
3	59	480	1
1	473	480	1
1	4	480	1
1	59	480	1
654	655	481	1
690	691	482	1
690	59	482	1
1	691	482	1
1	59	482	1
754	692	483	1
754	59	483	1
1	692	483	1
1	59	483	1
803	693	484	1
803	10	484	1
21	693	484	1
21	10	484	1
840	96	485	1
840	255	485	1
39	96	485	1
39	255	485	1
96	840	486	1
255	840	486	1
214	253	487	1
214	9	487	1
1	253	487	1
1	9	487	1
582	834	488	1
582	44	488	1
582	176	488	1
7	834	488	1
7	44	488	1
7	176	488	1
34	81	489	1
34	824	489	1
476	81	489	1
476	824	489	1
81	34	490	1
824	34	490	1
81	476	490	1
824	476	490	1
756	757	491	1
7	757	491	1
110	230	492	1
2	8	493	1
2	203	493	1
172	8	493	1
172	203	493	1
8	172	494	1
203	172	494	1
247	601	495	1
247	73	495	1
1	601	495	1
1	73	495	1
248	457	496	1
248	5	496	1
248	59	496	1
6	457	496	1
6	5	496	1
6	59	496	1
457	248	497	1
2	8	498	1
2	486	498	1
248	8	498	1
248	486	498	1
56	114	499	1
56	13	499	1
612	76	500	1
612	4	500	1
612	59	500	1
3	76	500	1
3	4	500	1
3	59	500	1
1	76	500	1
1	4	500	1
1	59	500	1
752	432	501	1
752	3	501	1
752	395	501	1
4	432	501	1
4	3	501	1
4	395	501	1
59	432	501	1
59	3	501	1
59	395	501	1
432	752	502	1
701	706	503	1
701	3	503	1
701	1	503	1
4	706	503	1
4	3	503	1
4	1	503	1
59	706	503	1
59	3	503	1
59	1	503	1
706	701	504	1
2	8	505	1
2	289	505	1
177	8	505	1
177	289	505	1
8	177	506	1
289	177	506	1
291	87	507	1
291	71	507	1
1	87	507	1
1	71	507	1
372	595	508	1
595	372	509	1
204	77	510	1
204	11	510	1
204	4	510	1
204	59	510	1
10	77	510	1
10	11	510	1
10	4	510	1
10	59	510	1
3	77	510	1
3	11	510	1
3	4	510	1
3	59	510	1
470	77	511	1
495	77	512	1
495	21	512	1
521	114	513	1
115	30	514	1
115	400	514	1
15	30	514	1
15	400	514	1
30	115	515	1
575	354	516	1
575	12	516	1
575	11	516	1
817	354	516	1
817	12	516	1
817	11	516	1
7	741	517	1
7	1	517	1
740	741	517	1
740	1	517	1
59	741	517	1
59	1	517	1
626	627	518	1
626	11	518	1
2	8	519	1
2	9	519	1
2	301	519	1
377	8	519	1
377	9	519	1
377	301	519	1
147	8	519	1
147	9	519	1
147	301	519	1
300	539	520	1
300	1	520	1
2	8	521	1
2	9	521	1
2	583	521	1
301	8	521	1
301	9	521	1
301	583	521	1
295	8	521	1
295	9	521	1
295	583	521	1
2	8	522	1
2	152	522	1
28	8	522	1
28	152	522	1
8	28	523	1
152	28	523	1
152	28	524	1
152	9	524	1
1	28	524	1
1	9	524	1
430	27	525	1
430	59	525	1
740	27	525	1
740	59	525	1
27	430	526	1
2	8	527	1
2	306	527	1
161	8	527	1
161	306	527	1
8	161	528	1
306	161	528	1
496	542	529	1
496	1	529	1
542	496	530	1
2	8	531	1
2	9	531	1
2	498	531	1
564	8	531	1
564	9	531	1
564	498	531	1
8	564	532	1
498	564	532	1
534	548	533	1
646	647	534	1
646	14	534	1
34	647	534	1
34	14	534	1
2	8	535	1
2	9	535	1
2	645	535	1
644	8	535	1
644	9	535	1
644	645	535	1
13	8	535	1
13	9	535	1
13	645	535	1
8	644	536	1
645	644	536	1
597	595	537	1
597	9	537	1
1	595	537	1
1	9	537	1
157	78	538	1
157	572	538	1
568	78	538	1
568	572	538	1
572	157	539	1
572	568	539	1
574	746	540	1
372	382	541	1
372	4	541	1
372	59	541	1
3	382	541	1
3	4	541	1
3	59	541	1
382	372	542	1
810	791	543	1
810	18	543	1
810	1	543	1
674	791	543	1
674	18	543	1
674	1	543	1
791	810	544	1
18	810	544	1
809	636	545	1
809	19	545	1
17	636	545	1
17	19	545	1
58	123	546	1
58	22	546	1
23	123	546	1
23	22	546	1
123	58	547	1
22	58	547	1
123	23	547	1
22	23	547	1
317	58	548	1
317	1	548	1
317	11	548	1
85	132	549	1
85	9	549	1
1	132	549	1
1	9	549	1
90	85	550	1
85	90	551	1
513	376	552	1
91	376	552	1
376	641	553	1
376	9	553	1
1	641	553	1
1	9	553	1
484	117	554	1
484	93	554	1
1	117	554	1
1	93	554	1
203	140	555	1
203	11	555	1
203	4	555	1
203	59	555	1
3	140	555	1
3	11	555	1
3	4	555	1
3	59	555	1
140	203	556	1
732	733	557	1
732	396	557	1
732	3	557	1
4	733	557	1
4	396	557	1
4	3	557	1
59	733	557	1
59	396	557	1
59	3	557	1
733	732	558	1
638	639	559	1
26	639	559	1
633	634	560	1
633	19	560	1
17	634	560	1
17	19	560	1
819	522	561	1
819	522	562	1
687	111	563	1
687	836	563	1
576	111	563	1
576	836	563	1
111	687	564	1
836	687	564	1
111	576	564	1
836	576	564	1
836	138	565	1
836	9	565	1
1	138	565	1
1	9	565	1
138	836	566	1
392	504	567	1
392	11	567	1
392	1	567	1
2	8	568	1
2	16	568	1
166	8	568	1
166	16	568	1
8	166	569	1
16	166	569	1
61	374	570	1
61	22	570	1
23	374	570	1
23	22	570	1
374	61	571	1
22	61	571	1
374	23	571	1
22	23	571	1
388	370	572	1
798	799	573	1
798	3	573	1
4	799	573	1
4	3	573	1
59	799	573	1
59	3	573	1
797	798	574	1
797	3	574	1
797	396	574	1
4	798	574	1
4	3	574	1
4	396	574	1
59	798	574	1
59	3	574	1
59	396	574	1
798	797	575	1
591	516	576	1
591	149	576	1
1	516	576	1
1	149	576	1
2	8	577	1
2	575	577	1
557	8	577	1
557	575	577	1
8	557	578	1
575	557	578	1
604	556	579	1
604	4	579	1
604	59	579	1
3	556	579	1
3	4	579	1
3	59	579	1
1	556	579	1
1	4	579	1
1	59	579	1
41	151	580	1
41	9	580	1
1	151	580	1
1	9	580	1
40	514	581	1
514	40	582	1
49	482	583	1
91	482	583	1
49	22	583	1
91	22	583	1
83	541	584	1
91	541	584	1
597	85	585	1
597	90	585	1
85	597	586	1
90	597	586	1
2	12	587	1
2	648	587	1
92	12	587	1
92	648	587	1
119	153	588	1
119	6	588	1
119	1	588	1
7	153	588	1
7	6	588	1
7	1	588	1
5	153	588	1
5	6	588	1
5	1	588	1
59	153	588	1
59	6	588	1
59	1	588	1
309	417	589	1
309	3	589	1
4	417	589	1
4	3	589	1
59	417	589	1
59	3	589	1
154	734	590	1
154	90	590	1
52	734	590	1
52	90	590	1
734	154	591	1
90	154	591	1
600	734	592	1
600	89	592	1
52	734	592	1
52	89	592	1
734	600	593	1
89	600	593	1
404	472	594	1
404	6	594	1
404	1	594	1
7	472	594	1
7	6	594	1
7	1	594	1
5	472	594	1
5	6	594	1
5	1	594	1
59	472	594	1
59	6	594	1
59	1	594	1
2	8	595	1
2	234	595	1
600	8	595	1
600	234	595	1
8	600	596	1
234	600	596	1
234	600	597	1
234	9	597	1
1	600	597	1
1	9	597	1
202	780	598	1
202	12	598	1
97	780	598	1
97	12	598	1
2	8	599	1
2	9	599	1
2	377	599	1
349	8	599	1
349	9	599	1
349	377	599	1
32	8	599	1
32	9	599	1
32	377	599	1
562	349	600	1
562	349	601	1
350	489	602	1
350	11	602	1
17	19	603	1
17	445	603	1
350	19	603	1
350	445	603	1
63	28	604	1
63	4	604	1
63	59	604	1
3	28	604	1
3	4	604	1
3	59	604	1
1	28	604	1
1	4	604	1
1	59	604	1
155	33	605	1
155	4	605	1
155	59	605	1
3	33	605	1
3	4	605	1
3	59	605	1
1	33	605	1
1	4	605	1
1	59	605	1
155	33	606	1
155	5	606	1
155	59	606	1
6	33	606	1
6	5	606	1
6	59	606	1
1	33	606	1
1	5	606	1
1	59	606	1
20	589	607	1
20	11	607	1
52	589	607	1
52	11	607	1
135	84	608	1
135	13	608	1
663	84	609	1
113	18	610	1
91	18	610	1
695	698	611	1
7	698	611	1
19	506	612	1
19	113	612	1
1	506	612	1
1	113	612	1
2	8	613	1
2	55	613	1
14	8	613	1
14	55	613	1
8	14	614	1
2	8	615	1
2	14	615	1
81	8	615	1
81	14	615	1
8	81	616	1
14	81	616	1
173	279	617	1
173	8	617	1
2	279	617	1
2	8	617	1
279	173	618	1
8	173	618	1
394	304	619	1
394	5	619	1
6	304	619	1
6	5	619	1
59	304	619	1
59	5	619	1
2	8	621	1
2	831	621	1
185	8	621	1
185	831	621	1
829	20	623	1
829	13	623	1
1	20	623	1
1	13	623	1
830	84	624	1
830	13	624	1
1	84	624	1
1	13	624	1
169	374	626	1
169	11	626	1
169	4	626	1
169	59	626	1
3	374	626	1
3	11	626	1
3	4	626	1
3	59	626	1
168	376	627	1
91	376	627	1
168	8	627	1
91	8	627	1
2	8	628	1
2	284	628	1
257	8	628	1
257	284	628	1
8	257	629	1
284	257	629	1
402	75	630	1
402	31	630	1
1	75	630	1
1	31	630	1
75	402	631	1
31	402	631	1
382	203	632	1
1	203	632	1
588	567	633	1
588	568	633	1
588	22	633	1
49	567	633	1
49	568	633	1
49	22	633	1
343	616	634	1
343	28	634	1
406	616	634	1
406	28	634	1
616	343	635	1
28	343	635	1
406	614	636	1
406	106	636	1
406	59	636	1
107	614	636	1
107	106	636	1
107	59	636	1
1	614	636	1
1	106	636	1
1	59	636	1
106	107	637	1
23	69	638	1
23	11	638	1
23	4	638	1
23	59	638	1
10	69	638	1
10	11	638	1
10	4	638	1
10	59	638	1
3	69	638	1
3	11	638	1
3	4	638	1
3	59	638	1
321	264	639	1
321	26	639	1
1	264	639	1
1	26	639	1
181	64	640	1
64	181	641	1
60	80	642	1
60	207	642	1
64	80	642	1
64	207	642	1
70	64	643	1
64	70	644	1
726	37	645	1
726	313	645	1
726	24	645	1
1	37	645	1
1	313	645	1
1	24	645	1
7	37	645	1
7	313	645	1
7	24	645	1
143	355	646	1
355	143	647	1
21	10	648	1
21	427	648	1
143	10	648	1
143	427	648	1
427	21	649	1
427	143	649	1
23	455	650	1
34	390	651	1
34	81	651	1
782	390	651	1
782	81	651	1
390	34	652	1
81	34	652	1
390	782	652	1
81	782	652	1
9	2	653	1
9	53	653	1
9	1	653	1
12	2	653	1
12	53	653	1
12	1	653	1
17	2	653	1
17	53	653	1
17	1	653	1
2	8	654	1
2	46	654	1
170	8	654	1
170	46	654	1
8	170	655	1
588	568	656	1
588	567	656	1
588	1	656	1
13	568	656	1
13	567	656	1
13	1	656	1
2	8	657	1
2	503	657	1
326	8	657	1
326	503	657	1
8	326	658	1
503	326	658	1
422	325	659	1
360	325	660	1
360	9	660	1
1	325	660	1
1	9	660	1
560	782	661	1
560	9	661	1
1	782	661	1
1	9	661	1
265	363	662	1
265	6	662	1
265	1	662	1
5	363	662	1
5	6	662	1
5	1	662	1
59	363	662	1
59	6	662	1
59	1	662	1
7	363	662	1
7	6	662	1
7	1	662	1
130	676	663	1
130	6	663	1
5	676	663	1
5	6	663	1
59	676	663	1
59	6	663	1
7	676	663	1
7	6	663	1
130	676	664	1
130	3	664	1
4	676	664	1
4	3	664	1
59	676	664	1
59	3	664	1
7	676	664	1
7	3	664	1
570	81	665	1
570	580	665	1
782	81	665	1
782	580	665	1
81	570	666	1
580	570	666	1
81	782	666	1
580	782	666	1
208	205	667	1
208	28	667	1
1	205	667	1
1	28	667	1
441	704	668	1
7	704	668	1
702	703	669	1
7	703	669	1
25	124	670	1
25	4	670	1
25	59	670	1
1	124	670	1
1	4	670	1
1	59	670	1
3	124	670	1
3	4	670	1
3	59	670	1
63	241	671	1
2	8	672	1
2	207	672	1
64	8	672	1
64	207	672	1
130	563	673	1
130	3	673	1
4	563	673	1
4	3	673	1
59	563	673	1
59	3	673	1
7	563	673	1
7	3	673	1
228	56	674	1
228	276	674	1
22	56	674	1
22	276	674	1
56	228	675	1
276	228	675	1
56	22	675	1
276	22	675	1
126	9	676	1
126	229	676	1
38	9	676	1
38	229	676	1
125	367	677	1
367	125	678	1
126	9	679	1
126	196	679	1
56	9	679	1
56	196	679	1
575	12	681	1
575	354	681	1
543	12	681	1
543	354	681	1
352	430	682	1
352	24	682	1
7	430	682	1
7	24	682	1
430	352	683	1
754	689	684	1
316	147	685	1
316	13	685	1
1	147	685	1
1	13	685	1
690	688	686	1
35	338	687	1
35	12	687	1
49	22	689	1
23	22	689	1
837	628	690	1
837	740	690	1
59	628	690	1
59	740	690	1
628	837	691	1
48	55	692	1
48	13	692	1
1	55	692	1
1	13	692	1
226	490	693	1
226	22	693	1
23	490	693	1
23	22	693	1
490	226	694	1
22	226	694	1
490	23	694	1
22	23	694	1
17	19	695	1
17	445	695	1
743	19	695	1
743	445	695	1
2	12	696	1
2	331	696	1
365	12	696	1
365	331	696	1
225	515	697	1
515	225	698	1
101	20	699	1
101	13	699	1
101	24	699	1
1	20	699	1
1	13	699	1
1	24	699	1
7	20	699	1
7	13	699	1
7	24	699	1
145	37	700	1
145	148	700	1
145	24	700	1
1	37	700	1
1	148	700	1
1	24	700	1
7	37	700	1
7	148	700	1
7	24	700	1
12	9	701	1
12	597	701	1
595	9	701	1
595	597	701	1
597	595	702	1
2	8	703	1
2	597	703	1
358	8	703	1
358	597	703	1
8	358	704	1
597	358	704	1
50	547	705	1
50	31	705	1
50	1	705	1
379	547	705	1
379	31	705	1
379	1	705	1
547	50	706	1
31	50	706	1
507	105	707	1
507	9	707	1
1	105	707	1
1	9	707	1
523	105	708	1
523	9	708	1
1	105	708	1
1	9	708	1
373	105	709	1
373	9	709	1
1	105	709	1
1	9	709	1
105	300	710	1
105	4	710	1
105	59	710	1
3	300	710	1
3	4	710	1
3	59	710	1
300	105	711	1
477	460	712	1
477	32	712	1
1	460	712	1
1	32	712	1
785	783	713	1
785	10	713	1
21	783	713	1
21	10	713	1
783	785	714	1
783	21	714	1
347	350	715	1
347	1	715	1
432	322	716	1
710	321	717	1
710	26	717	1
320	426	718	1
426	320	719	1
282	340	720	1
282	4	720	1
282	59	720	1
3	340	720	1
3	4	720	1
3	59	720	1
1	340	720	1
1	4	720	1
1	59	720	1
55	12	721	1
55	25	721	1
79	12	721	1
79	25	721	1
25	79	722	1
27	747	723	1
27	12	723	1
1	747	723	1
1	12	723	1
235	747	723	1
235	12	723	1
747	27	724	1
747	235	724	1
169	123	725	1
169	1	725	1
169	11	725	1
123	642	726	1
123	11	726	1
7	642	726	1
7	11	726	1
488	139	727	1
8	139	728	1
159	139	728	1
159	139	729	1
159	9	729	1
1	139	729	1
1	9	729	1
106	107	730	1
5	6	731	1
5	1	731	1
5	624	731	1
59	6	731	1
59	1	731	1
59	624	731	1
801	6	731	1
801	1	731	1
801	624	731	1
624	801	732	1
677	432	733	1
677	3	733	1
677	302	733	1
4	432	733	1
4	3	733	1
4	302	733	1
432	677	734	1
446	739	735	1
739	446	736	1
42	18	737	1
42	9	737	1
1	18	737	1
1	9	737	1
366	127	738	1
366	310	738	1
193	127	738	1
193	310	738	1
127	366	739	1
310	366	739	1
127	193	739	1
310	193	739	1
519	546	740	1
519	78	740	1
232	546	740	1
232	78	740	1
1	546	740	1
1	78	740	1
546	519	741	1
546	232	741	1
346	839	742	1
346	9	742	1
22	839	742	1
22	9	742	1
839	346	743	1
839	22	743	1
712	778	744	1
778	712	745	1
775	776	746	1
775	18	746	1
775	12	746	1
775	22	746	1
2	776	746	1
2	18	746	1
2	12	746	1
2	22	746	1
49	776	746	1
49	18	746	1
49	12	746	1
49	22	746	1
1	776	746	1
1	18	746	1
1	12	746	1
1	22	746	1
776	775	747	1
18	775	747	1
22	775	747	1
776	49	747	1
18	49	747	1
22	49	747	1
708	776	748	1
708	12	748	1
91	776	748	1
91	12	748	1
776	708	749	1
776	91	749	1
565	775	750	1
565	4	750	1
565	59	750	1
3	775	750	1
3	4	750	1
3	59	750	1
1	775	750	1
1	4	750	1
1	59	750	1
775	565	751	1
21	10	752	1
21	784	752	1
566	10	752	1
566	784	752	1
784	21	753	1
784	566	753	1
333	589	754	1
333	20	754	1
52	589	754	1
52	20	754	1
589	333	755	1
20	333	755	1
333	524	756	1
333	6	756	1
5	524	756	1
5	6	756	1
59	524	756	1
59	6	756	1
228	383	757	1
228	22	757	1
23	383	757	1
23	22	757	1
383	228	758	1
22	228	758	1
383	23	758	1
22	23	758	1
2	8	759	1
2	399	759	1
214	8	759	1
214	399	759	1
8	214	760	1
399	214	760	1
2	8	761	1
2	212	761	1
213	8	761	1
213	212	761	1
8	213	762	1
212	213	762	1
2	8	763	1
2	210	763	1
211	8	763	1
211	210	763	1
8	211	764	1
210	211	764	1
2	8	765	1
2	238	765	1
212	8	765	1
212	238	765	1
8	212	766	1
238	212	766	1
827	587	767	1
587	827	768	1
826	581	769	1
581	826	770	1
2	8	771	1
2	9	771	1
2	505	771	1
2	59	771	1
430	8	771	1
430	9	771	1
430	505	771	1
430	59	771	1
189	8	771	1
189	9	771	1
189	505	771	1
189	59	771	1
1	8	771	1
1	9	771	1
1	505	771	1
1	59	771	1
8	430	772	1
505	430	772	1
8	408	773	1
126	408	773	1
65	11	774	1
65	13	774	1
1	11	774	1
1	13	774	1
401	11	775	1
401	1	775	1
821	822	777	1
821	400	777	1
15	822	777	1
15	400	777	1
278	428	778	1
7	428	778	1
23	22	779	1
371	22	780	1
371	4	780	1
371	59	780	1
3	22	780	1
3	4	780	1
3	59	780	1
1	22	780	1
1	4	780	1
1	59	780	1
715	716	781	1
715	8	781	1
2	716	781	1
2	8	781	1
716	715	782	1
8	715	782	1
8	121	783	1
470	121	783	1
20	660	784	1
20	11	784	1
84	660	784	1
84	11	784	1
545	365	785	1
545	11	785	1
364	435	786	1
364	33	786	1
75	435	786	1
75	33	786	1
354	216	787	1
354	9	787	1
1	216	787	1
1	9	787	1
559	528	788	1
528	559	789	1
50	57	790	1
50	1	790	1
240	57	790	1
240	1	790	1
54	9	791	1
54	387	791	1
486	9	791	1
486	387	791	1
21	115	792	1
37	115	792	1
191	33	793	1
191	37	793	1
33	191	794	1
37	191	794	1
2	8	795	1
2	9	795	1
2	232	795	1
502	8	795	1
502	9	795	1
502	232	795	1
59	8	795	1
59	9	795	1
59	232	795	1
235	532	796	1
235	12	796	1
97	532	796	1
97	12	796	1
676	68	797	1
676	4	797	1
676	11	797	1
676	59	797	1
3	68	797	1
3	4	797	1
3	11	797	1
3	59	797	1
485	510	798	1
485	10	798	1
434	663	799	1
1	663	799	1
663	434	800	1
454	434	801	1
454	1	801	1
434	454	802	1
467	432	803	1
7	432	803	1
22	147	804	1
147	22	805	1
227	23	806	1
227	5	806	1
227	59	806	1
6	23	806	1
6	5	806	1
6	59	806	1
1	23	806	1
1	5	806	1
1	59	806	1
191	23	807	1
191	11	807	1
191	5	807	1
191	59	807	1
6	23	807	1
6	11	807	1
6	5	807	1
6	59	807	1
23	191	808	1
781	830	809	1
360	385	810	1
360	22	810	1
23	385	810	1
23	22	810	1
385	360	811	1
22	360	811	1
385	23	811	1
22	23	811	1
251	223	812	1
17	19	813	1
17	682	813	1
17	11	813	1
675	19	813	1
675	682	813	1
675	11	813	1
19	675	814	1
682	675	814	1
554	380	815	1
554	9	815	1
1	380	815	1
1	9	815	1
295	520	816	1
295	13	816	1
295	5	816	1
295	59	816	1
6	520	816	1
6	13	816	1
6	5	816	1
6	59	816	1
1	520	816	1
1	13	816	1
1	5	816	1
1	59	816	1
520	295	817	1
418	293	818	1
418	8	818	1
295	36	819	1
295	11	819	1
2	8	820	1
2	237	820	1
306	8	820	1
306	237	820	1
8	306	821	1
237	306	821	1
237	239	822	1
237	13	822	1
1	239	822	1
1	13	822	1
236	484	823	1
236	9	823	1
1	484	823	1
1	9	823	1
484	236	824	1
236	376	825	1
236	13	825	1
1	376	825	1
1	13	825	1
376	236	826	1
238	12	827	1
238	320	827	1
79	12	827	1
79	320	827	1
320	238	828	1
320	79	828	1
381	136	829	1
381	71	829	1
1	136	829	1
1	71	829	1
812	813	830	1
812	12	830	1
1	813	830	1
1	12	830	1
489	628	831	1
489	24	831	1
7	628	831	1
7	24	831	1
628	489	832	1
346	488	833	1
346	22	833	1
23	488	833	1
23	22	833	1
488	346	834	1
22	346	834	1
488	23	834	1
22	23	834	1
161	330	835	1
161	9	835	1
1	330	835	1
1	9	835	1
312	452	836	1
312	13	836	1
1	452	836	1
1	13	836	1
452	312	837	1
2	8	838	1
2	842	838	1
841	8	838	1
841	842	838	1
8	841	839	1
842	841	839	1
475	789	840	1
789	475	841	1
8	20	842	1
54	20	842	1
20	21	843	1
20	11	843	1
20	4	843	1
20	59	843	1
10	21	843	1
10	11	843	1
10	4	843	1
10	59	843	1
3	21	843	1
3	11	843	1
3	4	843	1
3	59	843	1
749	37	844	1
749	13	844	1
1	37	844	1
1	13	844	1
718	267	845	1
718	20	845	1
802	803	846	1
802	18	846	1
802	12	846	1
75	803	846	1
75	18	846	1
75	12	846	1
2	803	846	1
2	18	846	1
2	12	846	1
200	155	847	1
200	22	847	1
23	155	847	1
23	22	847	1
155	200	848	1
22	200	848	1
155	23	848	1
22	23	848	1
600	89	849	1
600	154	849	1
90	89	849	1
90	154	849	1
89	600	850	1
154	600	850	1
89	90	850	1
154	90	850	1
730	731	851	1
730	600	851	1
89	731	851	1
89	600	851	1
731	730	852	1
600	730	852	1
731	89	852	1
600	89	852	1
17	19	853	1
17	743	853	1
350	19	853	1
350	743	853	1
679	680	854	1
679	28	854	1
1	680	854	1
1	28	854	1
364	84	855	1
364	33	855	1
364	13	855	1
1	84	855	1
1	33	855	1
1	13	855	1
805	667	856	1
805	10	856	1
1	667	856	1
1	10	856	1
737	471	857	1
662	537	858	1
494	298	860	1
494	5	860	1
494	59	860	1
6	298	860	1
6	5	860	1
6	59	860	1
298	494	861	1
299	355	862	1
299	9	862	1
1	355	862	1
1	9	862	1
35	29	863	1
35	54	863	1
35	11	863	1
30	29	863	1
30	54	863	1
30	11	863	1
29	30	864	1
54	30	864	1
29	20	865	1
54	20	865	1
504	240	866	1
504	90	866	1
240	504	867	1
90	504	867	1
20	662	868	1
50	20	869	1
50	13	869	1
195	254	870	1
195	11	870	1
195	4	870	1
195	59	870	1
10	254	870	1
10	11	870	1
10	4	870	1
10	59	870	1
3	254	870	1
3	11	870	1
3	4	870	1
3	59	870	1
194	72	871	1
194	415	871	1
128	72	871	1
128	415	871	1
368	375	873	1
368	4	873	1
368	59	873	1
3	375	873	1
3	4	873	1
3	59	873	1
1	375	873	1
1	4	873	1
1	59	873	1
466	748	874	1
807	808	875	1
807	9	875	1
1	808	875	1
1	9	875	1
34	804	876	1
34	14	876	1
523	804	876	1
523	14	876	1
249	8	877	1
249	299	877	1
70	8	877	1
70	299	877	1
8	249	878	1
299	249	878	1
8	70	878	1
299	70	878	1
753	713	879	1
753	3	879	1
4	713	879	1
4	3	879	1
59	713	879	1
59	3	879	1
285	416	880	1
285	9	880	1
1	416	880	1
1	9	880	1
69	33	881	1
69	198	881	1
122	33	881	1
122	198	881	1
33	69	882	1
198	69	882	1
33	122	882	1
198	122	882	1
55	12	883	1
55	34	883	1
555	12	883	1
555	34	883	1
34	555	884	1
34	141	885	1
141	34	886	1
275	88	887	1
275	9	887	1
1	88	887	1
1	9	887	1
97	158	888	1
158	97	889	1
98	186	890	1
98	9	890	1
1	186	890	1
1	9	890	1
572	98	891	1
814	813	892	1
814	9	892	1
1	813	892	1
1	9	892	1
318	636	893	1
318	3	893	1
59	636	893	1
59	3	893	1
4	636	893	1
4	3	893	1
806	802	894	1
806	28	894	1
1	802	894	1
1	28	894	1
790	694	895	1
790	4	895	1
790	59	895	1
3	694	895	1
3	4	895	1
3	59	895	1
3	18	896	1
3	236	896	1
1	18	896	1
1	236	896	1
590	468	897	1
590	4	897	1
590	59	897	1
3	468	897	1
3	4	897	1
3	59	897	1
1	468	897	1
1	4	897	1
1	59	897	1
467	512	898	1
7	512	898	1
724	693	899	1
2	8	900	1
2	9	900	1
2	833	900	1
22	8	900	1
22	9	900	1
22	833	900	1
437	8	900	1
437	9	900	1
437	833	900	1
437	84	901	1
437	22	901	1
23	84	901	1
23	22	901	1
84	437	902	1
22	437	902	1
84	23	902	1
22	23	902	1
2	18	903	1
2	12	903	1
2	499	903	1
196	18	903	1
196	12	903	1
196	499	903	1
38	18	903	1
38	12	903	1
38	499	903	1
18	196	904	1
499	196	904	1
18	38	904	1
499	38	904	1
31	749	905	1
31	24	905	1
7	749	905	1
7	24	905	1
100	51	906	1
100	1	906	1
24	51	906	1
24	1	906	1
79	289	907	1
289	79	908	1
668	613	909	1
668	22	909	1
625	449	910	1
625	22	910	1
231	819	911	1
231	1	911	1
20	819	911	1
20	1	911	1
549	552	912	1
549	22	912	1
23	552	912	1
23	22	912	1
552	549	913	1
22	549	913	1
552	23	913	1
22	23	913	1
549	33	914	1
549	287	914	1
1	33	914	1
1	287	914	1
33	549	915	1
287	549	915	1
287	295	916	1
295	287	917	1
372	382	918	1
372	5	918	1
372	59	918	1
6	382	918	1
6	5	918	1
6	59	918	1
382	372	919	1
25	14	920	1
25	299	920	1
289	14	920	1
289	299	920	1
579	94	921	1
579	568	921	1
94	579	922	1
568	579	922	1
386	551	923	1
393	386	924	1
393	13	924	1
1	386	924	1
1	13	924	1
89	16	925	1
89	22	925	1
89	1	925	1
89	9	925	1
90	16	925	1
90	22	925	1
90	1	925	1
90	9	925	1
49	16	925	1
49	22	925	1
49	1	925	1
49	9	925	1
724	693	926	1
414	467	927	1
414	6	927	1
414	1	927	1
7	467	927	1
7	6	927	1
7	1	927	1
5	467	927	1
5	6	927	1
5	1	927	1
59	467	927	1
59	6	927	1
59	1	927	1
606	725	928	1
280	611	929	1
280	305	929	1
280	24	929	1
280	59	929	1
7	611	929	1
7	305	929	1
7	24	929	1
7	59	929	1
611	280	930	1
324	18	931	1
324	845	931	1
185	18	931	1
185	845	931	1
18	324	932	1
845	324	932	1
50	431	933	1
50	1	933	1
431	50	934	1
23	599	935	1
23	11	935	1
52	599	935	1
52	11	935	1
444	329	936	1
444	11	936	1
286	288	937	1
286	5	937	1
6	288	937	1
6	5	937	1
59	288	937	1
59	5	937	1
288	286	938	1
217	82	939	1
217	13	939	1
1	82	939	1
1	13	939	1
221	292	940	1
221	22	940	1
23	292	940	1
23	22	940	1
292	221	941	1
22	221	941	1
292	23	941	1
22	23	941	1
499	94	942	1
499	47	942	1
94	499	943	1
47	499	943	1
450	94	944	1
450	20	944	1
1	94	944	1
1	20	944	1
518	94	945	1
518	18	945	1
94	518	946	1
18	518	946	1
115	94	947	1
115	1	947	1
94	115	948	1
662	589	949	1
662	20	949	1
52	589	949	1
52	20	949	1
589	662	950	1
20	662	950	1
527	446	951	1
446	527	952	1
2	18	953	1
2	54	953	1
2	9	953	1
20	18	953	1
20	54	953	1
20	9	953	1
1	18	953	1
1	54	953	1
1	9	953	1
18	20	954	1
54	20	954	1
571	544	955	1
571	1	955	1
571	9	955	1
745	544	955	1
745	1	955	1
745	9	955	1
609	610	956	1
609	59	956	1
609	4	956	1
3	610	956	1
3	59	956	1
3	4	956	1
1	610	956	1
1	59	956	1
1	4	956	1
413	108	957	1
1	108	957	1
31	37	958	1
31	13	958	1
31	24	958	1
1	37	958	1
1	13	958	1
1	24	958	1
7	37	958	1
7	13	958	1
7	24	958	1
115	30	959	1
115	24	959	1
7	30	959	1
7	24	959	1
707	767	960	1
707	3	960	1
4	767	960	1
4	3	960	1
59	767	960	1
59	3	960	1
767	707	961	1
422	103	962	1
422	4	962	1
422	59	962	1
1	103	962	1
1	4	962	1
1	59	962	1
3	103	962	1
3	4	962	1
3	59	962	1
665	666	963	1
665	9	963	1
1	666	963	1
1	9	963	1
665	664	964	1
665	22	964	1
23	664	964	1
23	22	964	1
664	665	965	1
22	665	965	1
664	23	965	1
22	23	965	1
294	227	966	1
294	1	966	1
294	11	966	1
2	8	967	1
2	9	967	1
2	126	967	1
185	8	967	1
185	9	967	1
185	126	967	1
13	8	967	1
13	9	967	1
13	126	967	1
8	546	969	1
564	546	969	1
22	546	969	1
8	49	969	1
564	49	969	1
22	49	969	1
201	229	970	1
1	229	970	1
229	201	971	1
711	800	972	1
711	149	972	1
1	800	972	1
1	149	972	1
279	139	973	1
139	279	974	1
320	728	975	1
320	1	975	1
728	298	976	1
811	818	977	1
811	4	977	1
811	59	977	1
3	818	977	1
3	4	977	1
3	59	977	1
818	811	978	1
2	8	979	1
2	9	979	1
2	584	979	1
583	8	979	1
583	9	979	1
583	584	979	1
345	8	979	1
345	9	979	1
345	584	979	1
524	109	980	1
524	1	980	1
2	12	981	1
2	615	981	1
620	12	981	1
620	615	981	1
527	509	983	1
24	7	984	1
24	1	984	1
54	30	985	1
2	8	986	1
2	9	986	1
2	30	986	1
20	8	986	1
20	9	986	1
20	30	986	1
185	8	986	1
185	9	986	1
185	30	986	1
8	20	987	1
30	20	987	1
30	115	988	1
761	756	989	1
761	4	989	1
761	11	989	1
761	59	989	1
3	756	989	1
3	4	989	1
3	11	989	1
3	59	989	1
762	756	990	1
762	4	990	1
762	11	990	1
762	59	990	1
3	756	990	1
3	4	990	1
3	11	990	1
3	59	990	1
440	762	991	1
440	3	991	1
4	762	991	1
4	3	991	1
59	762	991	1
59	3	991	1
7	762	991	1
7	3	991	1
760	755	992	1
760	4	992	1
760	11	992	1
760	59	992	1
3	755	992	1
3	4	992	1
3	11	992	1
3	59	992	1
757	759	993	1
759	757	994	1
755	758	995	1
7	758	995	1
595	182	996	1
595	154	996	1
90	182	996	1
90	154	996	1
182	595	997	1
154	595	997	1
182	90	997	1
154	90	997	1
660	738	998	1
738	660	999	1
738	661	1000	1
378	69	1001	1
69	378	1002	1
548	456	1003	1
548	1	1003	1
456	548	1004	1
79	70	1005	1
70	79	1006	1
490	244	1007	1
490	4	1007	1
490	59	1007	1
3	244	1007	1
3	4	1007	1
3	59	1007	1
1	244	1007	1
1	4	1007	1
1	59	1007	1
2	8	1008	1
2	9	1008	1
2	256	1008	1
245	8	1008	1
245	9	1008	1
245	256	1008	1
10	8	1008	1
10	9	1008	1
10	256	1008	1
8	245	1009	1
256	245	1009	1
246	20	1010	1
246	13	1010	1
246	424	1010	1
1	20	1010	1
1	13	1010	1
1	424	1010	1
20	246	1011	1
424	246	1011	1
54	562	1012	1
54	9	1012	1
34	562	1012	1
34	9	1012	1
659	77	1013	1
659	11	1013	1
659	4	1013	1
659	59	1013	1
10	77	1013	1
10	11	1013	1
10	4	1013	1
10	59	1013	1
3	77	1013	1
3	11	1013	1
3	4	1013	1
3	59	1013	1
492	371	1016	1
77	433	1017	1
30	433	1017	1
162	111	1018	1
91	111	1018	1
111	219	1019	1
111	9	1019	1
1	219	1019	1
1	9	1019	1
110	78	1020	1
110	342	1020	1
109	78	1020	1
109	342	1020	1
1	78	1020	1
1	342	1020	1
342	110	1021	1
342	109	1021	1
110	230	1022	1
31	110	1023	1
31	13	1023	1
31	11	1023	1
31	4	1023	1
31	59	1023	1
78	110	1023	1
78	13	1023	1
78	11	1023	1
78	4	1023	1
78	59	1023	1
3	110	1023	1
3	13	1023	1
3	11	1023	1
3	4	1023	1
3	59	1023	1
110	31	1024	1
110	232	1025	1
110	5	1025	1
6	232	1025	1
6	5	1025	1
232	110	1026	1
622	621	1027	1
622	13	1027	1
622	20	1027	1
1	621	1027	1
1	13	1027	1
1	20	1027	1
621	622	1028	1
20	622	1028	1
351	622	1029	1
351	28	1029	1
616	622	1029	1
616	28	1029	1
622	351	1030	1
28	351	1030	1
622	616	1030	1
28	616	1030	1
623	622	1031	1
623	9	1031	1
616	622	1031	1
616	9	1031	1
622	623	1032	1
622	616	1032	1
364	622	1033	1
364	33	1033	1
616	622	1033	1
616	33	1033	1
622	364	1034	1
33	364	1034	1
622	616	1034	1
33	616	1034	1
544	170	1035	1
544	571	1035	1
681	355	1036	1
681	423	1036	1
1	355	1036	1
1	423	1036	1
157	78	1037	1
157	546	1037	1
519	78	1037	1
519	546	1037	1
546	157	1038	1
546	519	1038	1
38	94	1039	1
38	13	1039	1
94	38	1040	1
39	402	1041	1
39	22	1041	1
1	402	1041	1
1	22	1041	1
529	383	1042	1
179	283	1043	1
179	20	1043	1
283	179	1044	1
20	179	1044	1
181	281	1045	1
281	181	1046	1
181	595	1047	1
595	181	1048	1
649	650	1049	1
649	44	1049	1
1	650	1049	1
1	44	1049	1
650	669	1050	1
669	650	1051	1
251	223	1052	1
2	8	1053	1
2	9	1053	1
2	223	1053	1
335	8	1053	1
335	9	1053	1
335	223	1053	1
22	8	1053	1
22	9	1053	1
22	223	1053	1
138	687	1054	1
138	630	1054	1
111	687	1054	1
111	630	1054	1
687	138	1055	1
630	138	1055	1
687	111	1055	1
630	111	1055	1
686	687	1056	1
686	12	1056	1
35	687	1056	1
35	12	1056	1
687	686	1057	1
685	686	1058	1
685	8	1058	1
2	686	1058	1
2	8	1058	1
686	685	1059	1
8	685	1059	1
683	684	1060	1
683	258	1060	1
2	684	1060	1
2	258	1060	1
684	683	1061	1
2	8	1062	1
2	372	1062	1
149	8	1062	1
149	372	1062	1
8	149	1063	1
372	149	1063	1
2	8	1064	1
2	9	1064	1
2	570	1064	1
643	8	1064	1
643	9	1064	1
643	570	1064	1
345	8	1064	1
345	9	1064	1
345	570	1064	1
110	78	1065	1
110	213	1065	1
110	6	1065	1
214	78	1065	1
214	213	1065	1
214	6	1065	1
5	78	1065	1
5	213	1065	1
5	6	1065	1
59	78	1065	1
59	213	1065	1
59	6	1065	1
770	769	1066	1
487	88	1067	1
487	9	1067	1
1	88	1067	1
1	9	1067	1
685	686	1068	1
685	29	1068	1
35	686	1068	1
35	29	1068	1
686	685	1069	1
29	685	1069	1
678	447	1070	1
678	72	1070	1
7	447	1070	1
7	72	1070	1
1	447	1070	1
1	72	1070	1
339	457	1071	1
339	1	1071	1
457	339	1072	1
569	339	1073	1
569	9	1073	1
337	788	1074	1
788	337	1075	1
521	114	1076	1
144	113	1077	1
144	93	1077	1
1	113	1077	1
1	93	1077	1
133	26	1078	1
1	26	1078	1
398	671	1079	1
398	12	1079	1
1	671	1079	1
1	12	1079	1
2	8	1080	1
2	398	1080	1
397	8	1080	1
397	398	1080	1
8	397	1081	1
398	397	1081	1
362	187	1082	1
362	91	1082	1
12	187	1082	1
12	91	1082	1
187	362	1083	1
91	362	1083	1
2	18	1084	1
2	578	1084	1
391	18	1084	1
391	578	1084	1
18	391	1085	1
578	391	1085	1
582	176	1086	1
582	391	1086	1
176	582	1087	1
391	582	1087	1
541	392	1088	1
392	541	1089	1
2	258	1090	1
2	138	1090	1
323	258	1090	1
323	138	1090	1
138	323	1091	1
366	127	1092	1
366	768	1092	1
412	127	1092	1
412	768	1092	1
127	366	1093	1
768	366	1093	1
127	412	1093	1
768	412	1093	1
2	8	1094	1
2	597	1094	1
595	8	1094	1
595	597	1094	1
2	9	1095	1
2	12	1095	1
2	618	1095	1
594	9	1095	1
594	12	1095	1
594	618	1095	1
1	9	1095	1
1	12	1095	1
1	618	1095	1
618	594	1096	1
55	14	1097	1
55	207	1097	1
64	14	1097	1
64	207	1097	1
14	64	1098	1
207	64	1098	1
600	182	1099	1
600	64	1099	1
90	182	1099	1
90	64	1099	1
182	600	1100	1
64	600	1100	1
182	90	1100	1
64	90	1100	1
254	400	1101	1
254	329	1101	1
254	11	1101	1
15	400	1101	1
15	329	1101	1
15	11	1101	1
329	254	1102	1
70	382	1103	1
70	5	1103	1
70	59	1103	1
6	382	1103	1
6	5	1103	1
6	59	1103	1
382	70	1104	1
580	644	1105	1
580	14	1105	1
34	644	1105	1
34	14	1105	1
699	700	1106	1
699	8	1106	1
2	700	1106	1
2	8	1106	1
700	699	1107	1
8	699	1107	1
2	8	1108	1
2	86	1108	1
43	8	1108	1
43	86	1108	1
8	43	1109	1
86	43	1109	1
43	243	1110	1
43	9	1110	1
1	243	1110	1
1	9	1110	1
