527	73	1	1
527	13	1	1
527	82	1	1
1	73	1	1
1	13	1	1
1	82	1	1
48	12	2	1
48	672	2	1
444	12	2	1
444	672	2	1
707	444	3	1
707	9	3	1
1	444	3	1
1	9	3	1
116	173	4	1
116	13	4	1
1	173	4	1
1	13	4	1
212	12	5	1
212	252	5	1
97	12	5	1
97	252	5	1
943	280	6	1
943	21	6	1
10	280	6	1
10	21	6	1
850	851	7	1
850	19	7	1
17	851	7	1
17	19	7	1
851	850	8	1
19	850	8	1
849	850	9	1
849	6	9	1
849	1	9	1
7	850	9	1
7	6	9	1
7	1	9	1
5	850	9	1
5	6	9	1
5	1	9	1
59	850	9	1
59	6	9	1
59	1	9	1
848	849	10	1
848	11	10	1
845	846	11	1
845	19	11	1
17	846	11	1
17	19	11	1
32	20	12	1
32	608	12	1
888	20	12	1
888	608	12	1
20	32	13	1
608	32	13	1
20	888	13	1
608	888	13	1
610	620	14	1
610	11	14	1
610	13	14	1
1	620	14	1
1	11	14	1
1	13	14	1
2	8	15	1
2	566	15	1
488	8	15	1
488	566	15	1
8	488	16	1
566	488	16	1
189	207	17	1
189	285	17	1
1	207	17	1
1	285	17	1
207	189	18	1
2	8	19	1
2	189	19	1
221	8	19	1
221	189	19	1
8	221	20	1
189	221	20	1
221	189	21	1
54	189	21	1
221	20	21	1
54	20	21	1
2	8	22	1
2	9	22	1
2	402	22	1
549	8	22	1
549	9	22	1
549	402	22	1
1	8	22	1
1	9	22	1
1	402	22	1
590	399	23	1
590	13	23	1
1	399	23	1
1	13	23	1
400	408	24	1
408	400	25	1
2	8	26	1
2	9	26	1
2	500	26	1
401	8	26	1
401	9	26	1
401	500	26	1
11	8	26	1
11	9	26	1
11	500	26	1
8	401	27	1
500	401	27	1
78	20	28	1
54	20	28	1
60	98	29	1
60	12	29	1
1	98	29	1
1	12	29	1
2	8	30	1
2	60	30	1
78	8	30	1
78	60	30	1
8	78	31	1
184	185	32	1
184	6	32	1
5	185	32	1
5	6	32	1
59	185	32	1
59	6	32	1
777	776	34	1
781	780	35	1
784	783	36	1
783	784	37	1
1229	1159	38	1
1229	12	38	1
1	1159	38	1
1	12	38	1
513	902	39	1
513	107	39	1
513	1	39	1
106	902	39	1
106	107	39	1
106	1	39	1
59	902	39	1
59	107	39	1
59	1	39	1
7	902	39	1
7	107	39	1
7	1	39	1
163	89	40	1
64	187	41	1
64	158	41	1
89	187	41	1
89	158	41	1
187	64	42	1
158	64	42	1
187	89	42	1
158	89	42	1
217	83	43	1
217	89	43	1
83	217	44	1
89	217	44	1
446	715	45	1
446	9	45	1
1	715	45	1
1	9	45	1
715	446	46	1
2	18	47	1
2	117	47	1
2	12	47	1
170	18	47	1
170	117	47	1
170	12	47	1
10	18	47	1
10	117	47	1
10	12	47	1
18	170	48	1
117	170	48	1
556	266	49	1
72	388	50	1
72	4	50	1
72	59	50	1
1	388	50	1
1	4	50	1
1	59	50	1
3	388	50	1
3	4	50	1
3	59	50	1
388	72	51	1
389	73	52	1
389	28	52	1
188	73	52	1
188	28	52	1
35	12	53	1
35	72	53	1
312	12	53	1
312	72	53	1
72	312	54	1
854	1148	55	1
854	19	55	1
17	1148	55	1
17	19	55	1
1148	854	56	1
19	854	56	1
677	848	57	1
677	12	57	1
118	848	57	1
118	12	57	1
2	18	58	1
2	12	58	1
2	1201	58	1
1188	18	58	1
1188	12	58	1
1188	1201	58	1
10	18	58	1
10	12	58	1
10	1201	58	1
18	1188	59	1
1201	1188	59	1
2	296	60	1
2	12	60	1
2	18	62	1
2	12	62	1
1	18	62	1
1	12	62	1
2	8	63	1
2	712	63	1
463	8	63	1
463	712	63	1
8	463	64	1
712	463	64	1
616	712	65	1
616	763	65	1
616	53	65	1
616	44	65	1
616	164	65	1
17	712	65	1
17	763	65	1
17	53	65	1
17	44	65	1
17	164	65	1
537	636	66	1
7	636	66	1
297	86	67	1
342	1071	68	1
342	5	68	1
342	59	68	1
6	1071	68	1
6	5	68	1
6	59	68	1
1071	342	69	1
297	86	70	1
418	83	71	1
418	298	71	1
83	418	72	1
298	418	72	1
297	337	73	1
297	4	73	1
297	59	73	1
3	337	73	1
3	4	73	1
3	59	73	1
1	337	73	1
1	4	73	1
1	59	73	1
297	337	74	1
297	5	74	1
297	59	74	1
6	337	74	1
6	5	74	1
6	59	74	1
1	337	74	1
1	5	74	1
1	59	74	1
657	22	75	1
657	5	75	1
657	59	75	1
6	22	75	1
6	5	75	1
6	59	75	1
1	22	75	1
1	5	75	1
1	59	75	1
657	22	76	1
657	4	76	1
657	59	76	1
3	22	76	1
3	4	76	1
3	59	76	1
1	22	76	1
1	4	76	1
1	59	76	1
154	21	77	1
154	11	77	1
154	5	77	1
154	59	77	1
10	21	77	1
10	11	77	1
10	5	77	1
10	59	77	1
6	21	77	1
6	11	77	1
6	5	77	1
6	59	77	1
154	21	78	1
154	11	78	1
154	4	78	1
154	59	78	1
10	21	78	1
10	11	78	1
10	4	78	1
10	59	78	1
3	21	78	1
3	11	78	1
3	4	78	1
3	59	78	1
20	176	79	1
670	713	80	1
148	31	81	1
148	51	81	1
148	24	81	1
1	31	81	1
1	51	81	1
1	24	81	1
7	31	81	1
7	51	81	1
7	24	81	1
765	764	82	1
1063	184	83	1
1063	1	83	1
184	1063	84	1
764	778	85	1
764	1	85	1
778	764	86	1
767	766	87	1
2	8	88	1
2	144	88	1
220	8	88	1
220	144	88	1
8	220	89	1
144	220	89	1
648	143	90	1
648	13	90	1
352	143	91	1
352	1	91	1
538	130	92	1
538	13	92	1
1	130	92	1
1	13	92	1
737	12	93	1
737	413	93	1
737	11	93	1
1191	12	93	1
1191	413	93	1
1191	11	93	1
52	584	94	1
52	18	94	1
8	584	94	1
8	18	94	1
584	8	95	1
18	8	95	1
47	206	96	1
47	13	96	1
1	206	96	1
1	13	96	1
2	285	97	1
2	933	97	1
842	285	97	1
842	933	97	1
933	842	98	1
2	18	99	1
2	90	99	1
88	18	99	1
88	90	99	1
18	88	100	1
90	88	100	1
927	177	101	1
622	39	102	1
622	176	102	1
1	39	102	1
1	176	102	1
451	689	103	1
451	689	104	1
1167	929	105	1
1167	22	105	1
1167	8	105	1
1167	9	105	1
49	929	105	1
49	22	105	1
49	8	105	1
49	9	105	1
2	929	105	1
2	22	105	1
2	8	105	1
2	9	105	1
1	929	105	1
1	22	105	1
1	8	105	1
1	9	105	1
929	1167	106	1
22	1167	106	1
8	1167	106	1
929	49	106	1
22	49	106	1
8	49	106	1
749	79	107	1
749	867	107	1
1146	79	107	1
1146	867	107	1
79	749	108	1
867	749	108	1
79	1146	108	1
867	1146	108	1
987	988	109	1
987	12	109	1
48	988	109	1
48	12	109	1
988	987	110	1
988	989	111	1
988	8	111	1
2	989	111	1
2	8	111	1
989	988	112	1
8	988	112	1
20	990	113	1
20	11	113	1
89	990	113	1
89	11	113	1
989	991	114	1
989	43	114	1
214	445	115	1
998	1088	116	1
998	19	116	1
17	1088	116	1
17	19	116	1
1088	998	117	1
19	998	117	1
1044	1046	118	1
39	1046	118	1
792	199	119	1
301	638	120	1
1	638	120	1
638	301	121	1
623	290	122	1
48	43	123	1
48	12	123	1
48	696	123	1
627	43	123	1
627	12	123	1
627	696	123	1
73	43	123	1
73	12	123	1
73	696	123	1
544	952	124	1
544	13	124	1
1	952	124	1
1	13	124	1
291	210	125	1
291	4	125	1
291	59	125	1
3	210	125	1
3	4	125	1
3	59	125	1
1	210	125	1
1	4	125	1
1	59	125	1
49	22	126	1
49	215	126	1
64	22	126	1
64	215	126	1
22	49	127	1
215	49	127	1
22	64	127	1
215	64	127	1
217	64	128	1
217	9	128	1
1	64	128	1
1	9	128	1
124	305	129	1
305	124	130	1
125	178	131	1
419	652	132	1
419	8	132	1
2	652	132	1
2	8	132	1
17	702	133	1
17	401	133	1
417	702	133	1
417	401	133	1
702	417	134	1
401	417	134	1
147	112	135	1
147	306	135	1
9	112	135	1
9	306	135	1
112	147	136	1
306	147	136	1
195	148	137	1
195	65	137	1
1	148	137	1
1	65	137	1
224	149	138	1
224	9	138	1
1	149	138	1
1	9	138	1
279	80	139	1
279	325	139	1
9	80	139	1
9	325	139	1
80	279	140	1
325	279	140	1
686	880	141	1
686	4	141	1
686	59	141	1
3	880	141	1
3	4	141	1
3	59	141	1
1	880	141	1
1	4	141	1
1	59	141	1
880	686	142	1
686	880	143	1
686	5	143	1
686	59	143	1
6	880	143	1
6	5	143	1
6	59	143	1
1	880	143	1
1	5	143	1
1	59	143	1
880	686	144	1
678	685	145	1
685	109	146	1
685	1	146	1
883	349	147	1
883	4	147	1
883	59	147	1
3	349	147	1
3	4	147	1
3	59	147	1
1	349	147	1
1	4	147	1
1	59	147	1
2	12	148	1
2	15	148	1
46	12	148	1
46	15	148	1
15	18	150	1
15	46	150	1
1	18	150	1
1	46	150	1
1200	660	151	1
23	415	152	1
2	18	153	1
2	12	153	1
2	115	153	1
2	22	153	1
38	18	153	1
38	12	153	1
38	115	153	1
38	22	153	1
49	18	153	1
49	12	153	1
49	115	153	1
49	22	153	1
1	18	153	1
1	12	153	1
1	115	153	1
1	22	153	1
2	8	154	1
2	9	154	1
2	22	154	1
2	126	154	1
49	8	154	1
49	9	154	1
49	22	154	1
49	126	154	1
190	8	154	1
190	9	154	1
190	22	154	1
190	126	154	1
1	8	154	1
1	9	154	1
1	22	154	1
1	126	154	1
2	8	155	1
2	48	155	1
84	8	155	1
84	48	155	1
8	84	156	1
2	8	157	1
2	9	157	1
2	48	157	1
55	8	157	1
55	9	157	1
55	48	157	1
13	8	157	1
13	9	157	1
13	48	157	1
84	20	159	1
54	20	159	1
2	8	160	1
2	9	160	1
2	48	160	1
2	22	160	1
55	8	160	1
55	9	160	1
55	48	160	1
55	22	160	1
49	8	160	1
49	9	160	1
49	48	160	1
49	22	160	1
1	8	160	1
1	9	160	1
1	48	160	1
1	22	160	1
2	12	161	1
2	363	161	1
443	12	161	1
443	363	161	1
363	18	162	1
363	443	162	1
1	18	162	1
1	443	162	1
172	986	163	1
172	22	163	1
49	986	163	1
49	22	163	1
172	174	164	1
461	172	165	1
461	9	165	1
201	171	166	1
201	24	166	1
7	171	166	1
7	24	166	1
284	171	167	1
284	13	167	1
284	24	167	1
1	171	167	1
1	13	167	1
1	24	167	1
7	171	167	1
7	13	167	1
7	24	167	1
905	215	168	1
215	905	169	1
252	12	170	1
252	216	170	1
97	12	170	1
97	216	170	1
432	90	171	1
432	8	171	1
2	90	171	1
2	8	171	1
90	432	172	1
8	432	172	1
521	1208	173	1
4	18	174	1
4	1222	174	1
1	18	174	1
1	1222	174	1
862	645	175	1
83	645	175	1
68	33	176	1
68	525	176	1
361	33	176	1
361	525	176	1
33	68	177	1
525	68	177	1
33	361	177	1
525	361	177	1
637	361	178	1
1	361	178	1
1005	991	179	1
1005	569	179	1
1	991	179	1
1	569	179	1
573	991	179	1
573	569	179	1
991	1005	180	1
569	1005	180	1
991	573	180	1
569	573	180	1
2	8	181	1
2	69	181	1
26	8	181	1
26	69	181	1
25	40	182	1
40	25	183	1
440	287	184	1
440	11	184	1
7	287	184	1
7	11	184	1
288	381	185	1
499	288	186	1
499	13	186	1
499	24	186	1
1	288	186	1
1	13	186	1
1	24	186	1
7	288	186	1
7	13	186	1
7	24	186	1
2	8	187	1
2	9	187	1
2	62	187	1
21	8	187	1
21	9	187	1
21	62	187	1
190	8	187	1
190	9	187	1
190	62	187	1
8	21	188	1
62	21	188	1
596	63	189	1
596	9	189	1
1	63	189	1
1	9	189	1
136	63	190	1
136	13	190	1
249	591	191	1
249	5	191	1
249	59	191	1
9	591	191	1
9	5	191	1
9	59	191	1
6	591	191	1
6	5	191	1
6	59	191	1
591	249	192	1
493	230	193	1
493	306	193	1
9	230	193	1
9	306	193	1
230	493	194	1
306	493	194	1
262	229	195	1
262	306	195	1
9	229	195	1
9	306	195	1
229	262	196	1
306	262	196	1
863	173	197	1
863	306	197	1
863	59	197	1
9	173	197	1
9	306	197	1
9	59	197	1
173	863	198	1
306	863	198	1
595	116	199	1
595	306	199	1
9	116	199	1
9	306	199	1
567	2	200	1
567	90	200	1
12	2	200	1
12	90	200	1
90	567	201	1
408	122	202	1
408	93	202	1
219	21	203	1
219	122	203	1
416	122	204	1
416	4	204	1
416	59	204	1
3	122	204	1
3	4	204	1
3	59	204	1
122	416	205	1
410	417	206	1
410	10	206	1
410	11	206	1
32	417	206	1
32	10	206	1
32	11	206	1
417	410	207	1
417	32	207	1
507	516	208	1
507	497	208	1
46	516	208	1
46	497	208	1
516	507	209	1
828	20	210	1
828	13	210	1
828	835	210	1
1	20	210	1
1	13	210	1
1	835	210	1
20	828	211	1
835	828	211	1
833	786	212	1
833	675	212	1
708	786	212	1
708	675	212	1
786	833	213	1
675	833	213	1
786	708	213	1
675	708	213	1
1029	637	214	1
2	8	215	1
2	6	215	1
3	8	215	1
3	6	215	1
2	8	217	1
2	9	217	1
2	742	217	1
736	8	217	1
736	9	217	1
736	742	217	1
38	8	217	1
38	9	217	1
38	742	217	1
739	744	218	1
7	744	218	1
738	843	219	1
738	9	219	1
1	843	219	1
1	9	219	1
547	338	220	1
547	9	220	1
1	338	220	1
1	9	220	1
2	8	221	1
2	9	221	1
2	1215	221	1
1214	8	221	1
1214	9	221	1
1214	1215	221	1
31	8	221	1
31	9	221	1
31	1215	221	1
339	351	222	1
727	459	223	1
727	1	223	1
429	366	224	1
429	1	224	1
366	429	225	1
799	31	226	1
799	63	226	1
2	8	227	1
2	422	227	1
181	8	227	1
181	422	227	1
191	180	228	1
191	92	228	1
1	180	228	1
1	92	228	1
249	181	229	1
249	181	230	1
68	10	231	1
68	426	231	1
181	10	231	1
181	426	231	1
21	10	232	1
21	411	232	1
181	10	232	1
181	411	232	1
525	68	233	1
525	21	233	1
744	1188	234	1
744	1190	234	1
1	1188	234	1
1	1190	234	1
220	292	235	1
220	9	235	1
1	292	235	1
1	9	235	1
219	602	236	1
219	1	236	1
602	219	237	1
218	649	238	1
218	11	238	1
946	947	239	1
946	4	239	1
946	59	239	1
3	947	239	1
3	4	239	1
3	59	239	1
1	947	239	1
1	4	239	1
1	59	239	1
1177	1178	240	1
1177	9	240	1
1	1178	240	1
1	9	240	1
106	107	241	1
106	5	241	1
6	107	241	1
6	5	241	1
59	107	241	1
59	5	241	1
577	600	242	1
600	577	243	1
802	581	244	1
802	952	244	1
1	581	244	1
1	952	244	1
1156	617	245	1
1156	11	245	1
1155	202	246	1
1155	11	246	1
2	12	247	1
2	3	247	1
253	12	247	1
253	3	247	1
649	663	249	1
649	13	249	1
649	24	249	1
1	663	249	1
1	13	249	1
1	24	249	1
7	663	249	1
7	13	249	1
7	24	249	1
8	307	250	1
674	307	250	1
39	96	251	1
39	740	251	1
39	1	251	1
789	96	251	1
789	740	251	1
789	1	251	1
96	789	252	1
740	789	252	1
39	96	253	1
39	735	253	1
39	1	253	1
881	96	253	1
881	735	253	1
881	1	253	1
96	881	254	1
735	881	254	1
982	983	255	1
982	51	255	1
982	46	255	1
982	1	255	1
497	983	255	1
497	51	255	1
497	46	255	1
497	1	255	1
7	983	255	1
7	51	255	1
7	46	255	1
7	1	255	1
299	169	256	1
299	4	256	1
299	59	256	1
3	169	256	1
3	4	256	1
3	59	256	1
169	299	257	1
429	634	258	1
634	429	259	1
213	141	260	1
213	11	260	1
213	5	260	1
213	59	260	1
6	141	260	1
6	11	260	1
6	5	260	1
6	59	260	1
141	213	261	1
141	158	262	1
158	141	263	1
949	1190	264	1
949	1	264	1
1190	949	265	1
127	112	266	1
127	592	266	1
1	112	266	1
1	592	266	1
366	756	267	1
1	756	267	1
756	366	268	1
2	8	269	1
2	9	269	1
2	874	269	1
873	8	269	1
873	9	269	1
873	874	269	1
22	8	269	1
22	9	269	1
22	874	269	1
8	873	270	1
874	873	270	1
8	22	270	1
874	22	270	1
2	8	271	1
18	8	271	1
8	18	272	1
458	8	273	1
1	8	273	1
21	10	274	1
21	710	274	1
905	10	274	1
905	710	274	1
22	23	275	1
22	607	275	1
249	23	275	1
249	607	275	1
135	1198	276	1
135	12	276	1
135	1	276	1
2	1198	276	1
2	12	276	1
2	1	276	1
190	1198	276	1
190	12	276	1
190	1	276	1
59	1198	276	1
59	12	276	1
59	1	276	1
482	341	277	1
462	637	278	1
462	11	278	1
1141	802	279	1
1141	1	279	1
823	371	280	1
823	1	280	1
371	823	281	1
1096	1095	282	1
1096	1	282	1
1095	1096	283	1
37	120	284	1
1093	1092	285	1
298	178	286	1
298	4	286	1
298	59	286	1
3	178	286	1
3	4	286	1
3	59	286	1
1	178	286	1
1	4	286	1
1	59	286	1
372	178	287	1
372	11	287	1
1003	308	288	1
1003	9	288	1
1003	1	288	1
990	308	288	1
990	9	288	1
990	1	288	1
900	1003	289	1
900	4	289	1
900	59	289	1
900	11	289	1
3	1003	289	1
3	4	289	1
3	59	289	1
3	11	289	1
888	518	290	1
888	4	290	1
888	59	290	1
3	518	290	1
3	4	290	1
3	59	290	1
1	518	290	1
1	4	290	1
1	59	290	1
517	546	291	1
546	517	292	1
758	858	293	1
758	13	293	1
758	24	293	1
1	858	293	1
1	13	293	1
1	24	293	1
7	858	293	1
7	13	293	1
7	24	293	1
82	889	294	1
82	52	294	1
757	889	294	1
757	52	294	1
889	82	295	1
889	757	295	1
478	641	296	1
478	1	296	1
7	641	296	1
7	1	296	1
21	10	297	1
21	307	297	1
22	10	297	1
22	307	297	1
32	20	298	1
32	22	298	1
23	20	298	1
23	22	298	1
20	32	299	1
22	32	299	1
20	23	299	1
22	23	299	1
859	22	300	1
49	22	301	1
49	13	301	1
1	22	301	1
1	13	301	1
2	8	302	1
2	9	302	1
2	22	302	1
498	8	302	1
498	9	302	1
498	22	302	1
1	8	302	1
1	9	302	1
1	22	302	1
2	8	303	1
2	9	303	1
2	49	303	1
22	8	303	1
22	9	303	1
22	49	303	1
13	8	303	1
13	9	303	1
13	49	303	1
8	22	304	1
49	22	304	1
73	188	306	1
73	20	306	1
73	13	306	1
1	188	306	1
1	20	306	1
1	13	306	1
550	1008	307	1
550	4	307	1
550	59	307	1
1	1008	307	1
1	4	307	1
1	59	307	1
3	1008	307	1
3	4	307	1
3	59	307	1
119	199	308	1
199	119	309	1
119	238	310	1
119	1	310	1
238	119	311	1
1072	1073	312	1
1072	4	312	1
1072	59	312	1
3	1073	312	1
3	4	312	1
3	59	312	1
1	1073	312	1
1	4	312	1
1	59	312	1
1072	1073	313	1
1072	5	313	1
1072	59	313	1
6	1073	313	1
6	5	313	1
6	59	313	1
1	1073	313	1
1	5	313	1
1	59	313	1
54	707	314	1
425	707	314	1
261	227	315	1
261	4	315	1
261	59	315	1
3	227	315	1
3	4	315	1
3	59	315	1
227	261	316	1
797	796	317	1
679	666	318	1
666	679	319	1
741	12	320	1
741	377	320	1
295	12	320	1
295	377	320	1
464	377	321	1
464	1	321	1
295	377	321	1
295	1	321	1
377	464	322	1
377	295	322	1
36	392	323	1
36	11	323	1
36	1	323	1
7	392	323	1
7	11	323	1
7	1	323	1
2	8	324	1
2	256	324	1
470	8	324	1
470	256	324	1
8	470	325	1
256	470	325	1
1126	1127	326	1
1126	4	326	1
1126	59	326	1
3	1127	326	1
3	4	326	1
3	59	326	1
134	153	327	1
1	153	327	1
1153	63	328	1
1153	66	328	1
1153	46	328	1
1153	1	328	1
7	63	328	1
7	66	328	1
7	46	328	1
7	1	328	1
497	63	328	1
497	66	328	1
497	46	328	1
497	1	328	1
63	1153	329	1
2	8	330	1
2	9	330	1
2	655	330	1
593	8	330	1
593	9	330	1
593	655	330	1
31	8	330	1
31	9	330	1
31	655	330	1
443	173	331	1
443	738	331	1
443	59	331	1
594	173	331	1
594	738	331	1
594	59	331	1
21	28	332	1
21	371	332	1
276	28	332	1
276	371	332	1
28	21	333	1
371	21	333	1
28	276	333	1
371	276	333	1
21	28	334	1
21	540	334	1
520	28	334	1
520	540	334	1
28	21	335	1
540	21	335	1
28	520	335	1
540	520	335	1
17	19	336	1
17	994	336	1
528	19	336	1
528	994	336	1
67	542	337	1
7	542	337	1
316	16	338	1
316	13	338	1
316	24	338	1
1	16	338	1
1	13	338	1
1	24	338	1
7	16	338	1
7	13	338	1
7	24	338	1
24	96	339	1
24	1	339	1
39	96	339	1
39	1	339	1
308	24	340	1
308	16	340	1
7	24	340	1
7	16	340	1
1053	1056	341	1
1053	467	341	1
39	1056	341	1
39	467	341	1
1056	1053	342	1
2	8	343	1
2	308	343	1
201	8	343	1
201	308	343	1
8	201	344	1
308	201	344	1
162	12	345	1
162	212	345	1
97	12	345	1
97	212	345	1
250	161	346	1
250	59	346	1
1	161	346	1
1	59	346	1
161	250	347	1
683	160	348	1
579	118	349	1
579	10	349	1
1	118	349	1
1	10	349	1
172	118	350	1
172	20	350	1
1084	10	351	1
1084	924	351	1
1	10	351	1
1	924	351	1
911	912	352	1
911	5	352	1
911	59	352	1
6	912	352	1
6	5	352	1
6	59	352	1
912	911	353	1
1054	1052	354	1
230	226	355	1
230	4	355	1
230	59	355	1
3	226	355	1
3	4	355	1
3	59	355	1
1	226	355	1
1	4	355	1
1	59	355	1
225	237	356	1
225	224	356	1
110	237	356	1
110	224	356	1
256	225	357	1
256	12	357	1
1	225	357	1
1	12	357	1
523	682	358	1
523	1	358	1
682	523	359	1
291	210	360	1
291	5	360	1
291	59	360	1
6	210	360	1
6	5	360	1
6	59	360	1
1	210	360	1
1	5	360	1
1	59	360	1
1005	162	361	1
106	162	361	1
1005	107	361	1
106	107	361	1
321	788	362	1
788	321	363	1
798	180	364	1
798	325	364	1
9	180	364	1
9	325	364	1
180	798	365	1
325	798	365	1
35	870	366	1
1	870	366	1
2	18	368	1
2	709	368	1
35	18	368	1
35	709	368	1
34	437	370	1
437	34	371	1
35	750	372	1
35	44	372	1
1	750	372	1
1	44	372	1
35	44	373	1
35	466	373	1
35	12	373	1
1	44	373	1
1	466	373	1
1	12	373	1
252	716	374	1
252	12	374	1
97	716	374	1
97	12	374	1
1136	1137	375	1
1	1137	375	1
1137	1136	376	1
422	135	377	1
422	9	377	1
1	135	377	1
1	9	377	1
70	83	378	1
70	471	378	1
15	83	378	1
15	471	378	1
83	70	379	1
83	70	380	1
2	8	381	1
2	70	381	1
87	8	381	1
87	70	381	1
8	87	382	1
70	87	382	1
83	70	383	1
599	787	384	1
787	599	385	1
769	780	386	1
769	21	386	1
665	729	387	1
90	729	387	1
345	804	388	1
345	151	388	1
345	24	388	1
1	804	388	1
1	151	388	1
1	24	388	1
7	804	388	1
7	151	388	1
7	24	388	1
643	344	389	1
643	1	389	1
344	643	390	1
716	1146	391	1
716	1224	391	1
895	1146	391	1
895	1224	391	1
1146	716	392	1
1224	716	392	1
1146	895	392	1
1224	895	392	1
271	20	393	1
271	11	393	1
271	4	393	1
271	59	393	1
3	20	393	1
3	11	393	1
3	4	393	1
3	59	393	1
20	271	394	1
30	20	395	1
30	11	395	1
114	20	396	1
114	11	396	1
114	5	396	1
114	59	396	1
6	20	396	1
6	11	396	1
6	5	396	1
6	59	396	1
20	114	397	1
948	949	398	1
1	949	398	1
949	948	399	1
944	670	400	1
7	670	400	1
166	230	401	1
166	13	401	1
1	230	401	1
1	13	401	1
231	166	402	1
231	92	402	1
1	166	402	1
1	92	402	1
686	433	403	1
686	433	404	1
433	621	405	1
621	433	406	1
792	23	407	1
792	11	407	1
382	23	408	1
382	13	408	1
1	23	408	1
1	13	408	1
920	916	409	1
916	920	410	1
914	915	411	1
915	914	412	1
172	81	413	1
172	20	413	1
172	1	413	1
13	81	413	1
13	20	413	1
13	1	413	1
172	81	414	1
172	20	414	1
172	22	414	1
49	81	414	1
49	20	414	1
49	22	414	1
380	397	415	1
380	13	415	1
1	397	415	1
1	13	415	1
151	13	416	1
151	404	416	1
22	13	416	1
22	404	416	1
404	151	417	1
404	22	417	1
18	147	418	1
18	9	418	1
1	147	418	1
1	9	418	1
18	112	419	1
18	88	419	1
1	112	419	1
1	88	419	1
2	18	420	1
2	12	420	1
2	3	420	1
363	18	420	1
363	12	420	1
363	3	420	1
13	18	420	1
13	12	420	1
13	3	420	1
18	363	421	1
508	276	422	1
508	13	422	1
1	276	422	1
1	13	422	1
1023	1022	423	1
548	45	424	1
548	258	424	1
1	45	424	1
1	258	424	1
1089	999	425	1
1089	19	425	1
17	999	425	1
17	19	425	1
999	1089	426	1
19	1089	426	1
1088	1089	427	1
1088	63	427	1
1	1089	427	1
1	63	427	1
1089	1088	428	1
63	1088	428	1
585	10	429	1
585	923	429	1
1	10	429	1
1	923	429	1
1086	10	430	1
1086	926	430	1
1	10	430	1
1	926	430	1
526	10	431	1
526	152	431	1
1	10	431	1
1	152	431	1
640	10	432	1
640	604	432	1
1	10	432	1
1	604	432	1
1005	97	433	1
1005	107	433	1
1005	1	433	1
106	97	433	1
106	107	433	1
106	1	433	1
59	97	433	1
59	107	433	1
59	1	433	1
2	8	434	1
2	9	434	1
2	68	434	1
33	8	434	1
33	9	434	1
33	68	434	1
10	8	434	1
10	9	434	1
10	68	434	1
8	33	435	1
68	33	435	1
68	33	436	1
68	695	436	1
114	33	436	1
114	695	436	1
33	68	437	1
695	68	437	1
33	114	437	1
695	114	437	1
32	101	438	1
101	32	439	1
718	20	440	1
718	33	440	1
20	718	441	1
33	718	441	1
961	1139	442	1
961	12	442	1
90	1139	442	1
90	12	442	1
539	724	443	1
539	12	443	1
90	724	443	1
90	12	443	1
724	539	444	1
724	90	444	1
539	1131	445	1
539	19	445	1
17	1131	445	1
17	19	445	1
1131	539	446	1
19	539	446	1
724	1132	447	1
724	19	447	1
17	1132	447	1
17	19	447	1
1132	724	448	1
19	724	448	1
1131	1132	449	1
1131	12	449	1
90	1132	449	1
90	12	449	1
559	399	450	1
559	4	450	1
559	59	450	1
3	399	450	1
3	4	450	1
3	59	450	1
1	399	450	1
1	4	450	1
1	59	450	1
2	8	451	1
2	1236	451	1
1235	8	451	1
1235	1236	451	1
8	1235	452	1
1236	1235	452	1
651	559	453	1
651	11	453	1
1236	684	454	1
1236	12	454	1
1	684	454	1
1	12	454	1
684	1236	455	1
423	79	456	1
423	11	456	1
79	194	457	1
79	9	457	1
1	194	457	1
1	9	457	1
283	167	458	1
283	3	458	1
7	167	458	1
7	3	458	1
4	167	458	1
4	3	458	1
59	167	458	1
59	3	458	1
283	167	459	1
283	6	459	1
7	167	459	1
7	6	459	1
5	167	459	1
5	6	459	1
59	167	459	1
59	6	459	1
2	8	460	1
2	428	460	1
358	8	460	1
358	428	460	1
168	71	461	1
168	945	461	1
168	33	461	1
168	11	461	1
23	71	461	1
23	945	461	1
23	33	461	1
23	11	461	1
7	71	461	1
7	945	461	1
7	33	461	1
7	11	461	1
2	8	462	1
2	10	462	1
369	8	462	1
369	10	462	1
8	369	463	1
8	22	464	1
609	22	464	1
208	21	465	1
21	10	466	1
21	156	466	1
9	10	466	1
9	156	466	1
156	21	467	1
395	21	468	1
395	20	468	1
21	395	469	1
20	395	469	1
884	18	470	1
884	21	470	1
10	18	470	1
10	21	470	1
2	18	471	1
2	12	471	1
2	21	471	1
28	18	471	1
28	12	471	1
28	21	471	1
10	18	471	1
10	12	471	1
10	21	471	1
18	28	472	1
21	28	472	1
2	8	473	1
2	9	473	1
2	1069	473	1
616	8	473	1
616	9	473	1
616	1069	473	1
190	8	473	1
190	9	473	1
190	1069	473	1
956	1003	474	1
956	11	474	1
395	282	475	1
395	1	475	1
282	395	476	1
374	282	477	1
374	1	477	1
282	374	478	1
173	396	479	1
173	379	479	1
173	59	479	1
1	396	479	1
1	379	479	1
1	59	479	1
378	396	479	1
378	379	479	1
378	59	479	1
396	173	480	1
379	173	480	1
396	378	480	1
379	378	480	1
493	230	481	1
493	92	481	1
1	230	481	1
1	92	481	1
230	317	482	1
90	317	482	1
231	166	483	1
231	306	483	1
9	166	483	1
9	306	483	1
166	231	484	1
306	231	484	1
543	555	485	1
543	1	485	1
555	543	486	1
751	753	487	1
753	751	488	1
700	543	489	1
543	700	490	1
1225	1226	491	1
1225	9	491	1
497	1226	491	1
497	9	491	1
2	8	492	1
2	696	492	1
667	8	492	1
667	696	492	1
56	1204	493	1
56	3	493	1
56	1	493	1
4	1204	493	1
4	3	493	1
4	1	493	1
59	1204	493	1
59	3	493	1
59	1	493	1
7	1204	493	1
7	3	493	1
7	1	493	1
314	343	494	1
314	11	494	1
437	315	495	1
437	14	495	1
680	717	496	1
717	680	497	1
141	1066	498	1
141	44	498	1
705	732	499	1
705	9	499	1
1	732	499	1
1	9	499	1
997	998	500	1
997	19	500	1
17	998	500	1
17	19	500	1
998	997	501	1
19	997	501	1
68	33	502	1
68	395	502	1
553	33	502	1
553	395	502	1
33	68	503	1
395	68	503	1
33	553	503	1
395	553	503	1
2	8	504	1
2	99	504	1
144	8	504	1
144	99	504	1
8	144	505	1
99	144	505	1
35	29	506	1
35	9	506	1
35	653	506	1
98	29	506	1
98	9	506	1
98	653	506	1
38	29	506	1
38	9	506	1
38	653	506	1
29	98	507	1
653	98	507	1
29	38	507	1
653	38	507	1
180	98	508	1
90	98	508	1
317	98	509	1
144	99	510	1
54	99	510	1
144	20	510	1
54	20	510	1
241	380	511	1
241	1	511	1
484	132	512	1
484	31	512	1
1	132	512	1
1	31	512	1
1187	1062	513	1
1187	107	513	1
1187	1	513	1
106	1062	513	1
106	107	513	1
106	1	513	1
59	1062	513	1
59	107	513	1
59	1	513	1
7	1062	513	1
7	107	513	1
7	1	513	1
950	1058	514	1
950	467	514	1
39	1058	514	1
39	467	514	1
1058	950	515	1
190	11	517	1
190	1	517	1
59	11	517	1
59	1	517	1
394	73	519	1
394	9	519	1
188	73	519	1
188	9	519	1
676	12	520	1
676	656	520	1
118	12	520	1
118	656	520	1
656	676	521	1
656	118	521	1
562	353	522	1
562	4	522	1
562	59	522	1
3	353	522	1
3	4	522	1
3	59	522	1
1	353	522	1
1	4	522	1
1	59	522	1
1160	1161	523	1
7	1161	523	1
1001	841	524	1
841	1001	525	1
841	929	526	1
841	22	526	1
841	8	526	1
841	9	526	1
49	929	526	1
49	22	526	1
49	8	526	1
49	9	526	1
2	929	526	1
2	22	526	1
2	8	526	1
2	9	526	1
1	929	526	1
1	22	526	1
1	8	526	1
1	9	526	1
929	841	527	1
22	841	527	1
8	841	527	1
929	49	527	1
22	49	527	1
8	49	527	1
999	1000	528	1
999	3	528	1
4	1000	528	1
4	3	528	1
59	1000	528	1
59	3	528	1
1000	999	529	1
1240	23	530	1
1240	477	530	1
1	23	530	1
1	477	530	1
23	1240	531	1
477	1240	531	1
904	750	532	1
222	207	533	1
222	9	533	1
1	207	533	1
1	9	533	1
166	207	534	1
325	207	534	1
88	141	535	1
141	88	536	1
306	88	537	1
88	306	538	1
2	8	539	1
2	88	539	1
92	8	539	1
92	88	539	1
2	8	540	1
2	52	540	1
413	8	540	1
413	52	540	1
157	435	541	1
7	435	541	1
110	76	542	1
110	50	542	1
31	76	542	1
31	50	542	1
1	76	542	1
1	50	542	1
50	110	543	1
50	31	543	1
161	44	544	1
161	76	544	1
1	44	544	1
1	76	544	1
1128	1130	545	1
1128	151	545	1
1128	24	545	1
7	1130	545	1
7	151	545	1
7	24	545	1
1	1130	545	1
1	151	545	1
1	24	545	1
958	1130	546	1
958	286	546	1
958	24	546	1
7	1130	546	1
7	286	546	1
7	24	546	1
1	1130	546	1
1	286	546	1
1	24	546	1
1036	1037	547	1
39	1037	547	1
1037	1036	548	1
94	160	549	1
94	22	549	1
23	160	549	1
23	22	549	1
160	94	550	1
22	94	550	1
160	23	550	1
22	23	550	1
17	19	551	1
17	840	551	1
17	59	551	1
541	19	551	1
541	840	551	1
541	59	551	1
19	541	552	1
840	541	552	1
1220	447	553	1
1220	11	553	1
1220	13	553	1
1	447	553	1
1	11	553	1
1	13	553	1
541	844	554	1
541	4	554	1
541	59	554	1
3	844	554	1
3	4	554	1
3	59	554	1
844	541	555	1
636	953	556	1
636	467	556	1
636	11	556	1
953	636	557	1
1035	1040	558	1
39	1040	558	1
1040	1035	559	1
1035	1039	560	1
39	1039	560	1
1039	1035	561	1
1036	1038	562	1
39	1038	562	1
1038	1036	563	1
50	57	564	1
50	89	564	1
50	1	564	1
628	57	564	1
628	89	564	1
628	1	564	1
333	317	565	1
333	12	565	1
1	317	565	1
1	12	565	1
625	1122	566	1
625	4	566	1
625	59	566	1
3	1122	566	1
3	4	566	1
3	59	566	1
1	1122	566	1
1	4	566	1
1	59	566	1
389	857	567	1
389	28	567	1
204	857	567	1
204	28	567	1
857	389	568	1
28	389	568	1
2	8	569	1
2	9	569	1
2	393	569	1
101	8	569	1
101	9	569	1
101	393	569	1
131	102	570	1
131	65	570	1
1	102	570	1
1	65	570	1
364	103	571	1
364	4	571	1
364	59	571	1
3	103	571	1
3	4	571	1
3	59	571	1
1	103	571	1
1	4	571	1
1	59	571	1
103	364	572	1
68	21	573	1
68	33	573	1
28	21	573	1
28	33	573	1
21	68	574	1
33	68	574	1
21	28	574	1
33	28	574	1
805	806	575	1
805	1	575	1
7	806	575	1
7	1	575	1
806	805	576	1
804	803	577	1
420	83	578	1
420	239	578	1
83	420	579	1
239	420	579	1
240	558	580	1
1	558	580	1
558	240	581	1
69	456	582	1
69	4	582	1
69	59	582	1
3	456	582	1
3	4	582	1
3	59	582	1
456	69	583	1
941	157	584	1
941	3	584	1
941	1	584	1
941	51	584	1
7	157	584	1
7	3	584	1
7	1	584	1
7	51	584	1
4	157	584	1
4	3	584	1
4	1	584	1
4	51	584	1
59	157	584	1
59	3	584	1
59	1	584	1
59	51	584	1
706	68	585	1
706	659	585	1
2	8	586	1
2	9	586	1
2	322	586	1
22	8	586	1
22	9	586	1
22	322	586	1
73	8	586	1
73	9	586	1
73	322	586	1
747	1213	587	1
1213	747	588	1
453	1019	589	1
453	12	589	1
118	1019	589	1
118	12	589	1
50	389	591	1
50	10	591	1
21	389	591	1
21	10	591	1
389	50	592	1
389	21	592	1
394	50	593	1
394	9	593	1
1	50	593	1
1	9	593	1
932	934	594	1
932	8	594	1
932	9	594	1
673	934	594	1
673	8	594	1
673	9	594	1
2	934	594	1
2	8	594	1
2	9	594	1
934	932	595	1
8	932	595	1
934	673	595	1
8	673	595	1
79	80	596	1
79	90	596	1
12	80	596	1
12	90	596	1
80	79	597	1
90	79	597	1
726	14	598	1
726	755	598	1
743	14	598	1
743	755	598	1
530	529	599	1
529	530	600	1
387	109	601	1
387	51	601	1
109	387	602	1
51	387	602	1
133	109	603	1
133	22	603	1
23	109	603	1
23	22	603	1
109	133	604	1
22	133	604	1
109	23	604	1
22	23	604	1
133	109	605	1
133	32	605	1
20	109	605	1
20	32	605	1
109	133	606	1
32	133	606	1
109	20	606	1
32	20	606	1
21	543	607	1
109	543	607	1
834	827	608	1
834	13	608	1
834	82	608	1
1	827	608	1
1	13	608	1
1	82	608	1
827	834	609	1
82	834	609	1
830	147	610	1
830	833	610	1
1	147	610	1
1	833	610	1
147	830	611	1
833	830	611	1
754	893	612	1
754	43	612	1
672	893	612	1
672	43	612	1
523	1227	613	1
523	1	613	1
1227	523	614	1
671	30	615	1
671	20	615	1
30	671	616	1
20	671	616	1
21	119	617	1
30	119	617	1
38	30	618	1
38	22	618	1
23	30	618	1
23	22	618	1
30	38	619	1
22	38	619	1
30	23	619	1
22	23	619	1
38	30	620	1
38	13	620	1
38	24	620	1
1	30	620	1
1	13	620	1
1	24	620	1
7	30	620	1
7	13	620	1
7	24	620	1
485	560	621	1
485	153	621	1
1	560	621	1
1	153	621	1
203	1237	622	1
203	294	622	1
203	3	622	1
203	1	622	1
4	1237	622	1
4	294	622	1
4	3	622	1
4	1	622	1
59	1237	622	1
59	294	622	1
59	3	622	1
59	1	622	1
7	1237	622	1
7	294	622	1
7	3	622	1
7	1	622	1
1237	203	623	1
294	203	623	1
475	104	624	1
475	4	624	1
475	59	624	1
10	104	624	1
10	4	624	1
10	59	624	1
3	104	624	1
3	4	624	1
3	59	624	1
104	475	625	1
366	104	626	1
775	21	627	1
775	104	627	1
366	104	628	1
893	894	629	1
893	43	629	1
672	894	629	1
672	43	629	1
890	324	630	1
890	1	630	1
891	678	631	1
678	891	632	1
991	1005	633	1
991	1	633	1
991	107	633	1
106	1005	633	1
106	1	633	1
106	107	633	1
912	921	634	1
912	17	634	1
912	1	634	1
28	921	634	1
28	17	634	1
28	1	634	1
19	921	634	1
19	17	634	1
19	1	634	1
921	912	635	1
921	28	635	1
921	19	635	1
840	918	636	1
840	3	636	1
840	1	636	1
7	918	636	1
7	3	636	1
7	1	636	1
4	918	636	1
4	3	636	1
4	1	636	1
59	918	636	1
59	3	636	1
59	1	636	1
918	840	637	1
511	611	638	1
511	3	638	1
4	611	638	1
4	3	638	1
59	611	638	1
59	3	638	1
476	11	639	1
476	483	639	1
59	11	639	1
59	483	639	1
190	11	639	1
190	483	639	1
983	46	640	1
983	71	640	1
983	1	640	1
983	51	640	1
497	46	640	1
497	71	640	1
497	1	640	1
497	51	640	1
7	46	640	1
7	71	640	1
7	1	640	1
7	51	640	1
199	238	641	1
199	1	641	1
238	199	642	1
700	160	643	1
700	11	643	1
700	4	643	1
700	59	643	1
3	160	643	1
3	11	643	1
3	4	643	1
3	59	643	1
160	700	644	1
567	568	645	1
567	12	645	1
1	568	645	1
1	12	645	1
568	567	646	1
568	751	647	1
1	751	647	1
751	568	648	1
1213	1212	649	1
1217	651	650	1
1217	13	650	1
1	651	650	1
1	13	650	1
2	8	651	1
2	9	651	1
2	873	651	1
161	8	651	1
161	9	651	1
161	873	651	1
22	8	651	1
22	9	651	1
22	873	651	1
2	18	652	1
2	12	652	1
2	365	652	1
278	18	652	1
278	12	652	1
278	365	652	1
74	18	652	1
74	12	652	1
74	365	652	1
387	278	653	1
14	20	654	1
54	20	654	1
309	54	655	1
309	1	655	1
54	309	656	1
411	53	657	1
411	28	657	1
235	53	657	1
235	28	657	1
53	235	658	1
53	13	658	1
53	82	658	1
1	235	658	1
1	13	658	1
1	82	658	1
434	722	659	1
7	722	659	1
74	154	660	1
74	22	660	1
23	154	660	1
23	22	660	1
154	74	661	1
22	74	661	1
154	23	661	1
22	23	661	1
2	18	662	1
2	12	662	1
2	111	662	1
317	18	662	1
317	12	662	1
317	111	662	1
13	18	662	1
13	12	662	1
13	111	662	1
2	18	663	1
2	12	663	1
2	111	663	1
2	22	663	1
317	18	663	1
317	12	663	1
317	111	663	1
317	22	663	1
49	18	663	1
49	12	663	1
49	111	663	1
49	22	663	1
1	18	663	1
1	12	663	1
1	111	663	1
1	22	663	1
900	956	664	1
900	4	664	1
900	59	664	1
3	956	664	1
3	4	664	1
3	59	664	1
956	900	665	1
990	987	666	1
8	18	667	1
8	9	667	1
8	4	667	1
746	18	667	1
746	9	667	1
746	4	667	1
8	18	668	1
8	9	668	1
8	5	668	1
752	18	668	1
752	9	668	1
752	5	668	1
37	430	669	1
37	11	669	1
2	8	670	1
2	29	670	1
111	8	670	1
111	29	670	1
8	111	671	1
29	111	671	1
2	8	672	1
2	35	672	1
29	8	672	1
29	35	672	1
8	29	673	1
452	29	674	1
452	12	674	1
1	29	674	1
1	12	674	1
35	29	675	1
35	9	675	1
1	29	675	1
1	9	675	1
372	30	676	1
372	1	676	1
533	1120	677	1
533	3	677	1
4	1120	677	1
4	3	677	1
59	1120	677	1
59	3	677	1
7	1120	677	1
7	3	677	1
533	1121	678	1
533	3	678	1
4	1121	678	1
4	3	678	1
59	1121	678	1
59	3	678	1
7	1121	678	1
7	3	678	1
535	1118	679	1
535	3	679	1
4	1118	679	1
4	3	679	1
59	1118	679	1
59	3	679	1
7	1118	679	1
7	3	679	1
535	1117	680	1
535	3	680	1
4	1117	680	1
4	3	680	1
7	1117	680	1
7	3	680	1
59	1117	680	1
59	3	680	1
115	38	681	1
115	13	681	1
1	38	681	1
1	13	681	1
8	38	682	1
591	38	682	1
38	862	683	1
38	24	683	1
7	862	683	1
7	24	683	1
2	18	684	1
2	12	684	1
2	115	684	1
38	18	684	1
38	12	684	1
38	115	684	1
13	18	684	1
13	12	684	1
13	115	684	1
109	1080	685	1
109	11	685	1
52	1080	685	1
52	11	685	1
491	654	686	1
491	1	686	1
187	618	688	1
187	4	688	1
187	59	688	1
3	618	688	1
3	4	688	1
3	59	688	1
1	618	688	1
1	4	688	1
1	59	688	1
794	187	689	1
794	788	689	1
89	187	689	1
89	788	689	1
187	794	690	1
788	794	690	1
187	89	690	1
788	89	690	1
54	730	691	1
54	9	691	1
187	730	691	1
187	9	691	1
1	730	691	1
1	9	691	1
251	83	692	1
251	187	692	1
83	251	693	1
187	251	693	1
2	8	694	1
2	9	694	1
2	975	694	1
76	8	694	1
76	9	694	1
76	975	694	1
22	8	694	1
22	9	694	1
22	975	694	1
20	373	695	1
877	578	696	1
877	4	696	1
877	59	696	1
3	578	696	1
3	4	696	1
3	59	696	1
1	578	696	1
1	4	696	1
1	59	696	1
878	880	697	1
880	879	698	1
880	22	698	1
23	879	698	1
23	22	698	1
879	880	699	1
22	880	699	1
879	23	699	1
22	23	699	1
938	939	700	1
938	59	700	1
1	939	700	1
1	59	700	1
1103	940	701	1
1103	59	701	1
1	940	701	1
1	59	701	1
2	8	702	1
2	9	702	1
2	933	702	1
932	8	702	1
932	9	702	1
932	933	702	1
598	8	702	1
598	9	702	1
598	933	702	1
8	932	703	1
933	932	703	1
8	598	703	1
933	598	703	1
1232	96	704	1
1232	281	704	1
39	96	704	1
39	281	704	1
96	1232	705	1
281	1232	705	1
726	79	706	1
726	743	706	1
1	79	706	1
1	743	706	1
996	1145	707	1
996	19	707	1
17	1145	707	1
17	19	707	1
1145	996	708	1
19	996	708	1
225	279	709	1
225	9	709	1
1	279	709	1
1	9	709	1
747	1221	710	1
747	44	710	1
747	182	710	1
7	1221	710	1
7	44	710	1
7	182	710	1
794	962	711	1
962	794	712	1
1113	1114	713	1
7	1114	713	1
110	248	714	1
2	8	715	1
2	213	715	1
177	8	715	1
177	213	715	1
8	177	716	1
213	177	716	1
558	74	717	1
558	11	717	1
558	13	717	1
1	74	717	1
1	11	717	1
1	13	717	1
270	557	718	1
270	5	718	1
270	59	718	1
6	557	718	1
6	5	718	1
6	59	718	1
557	270	719	1
2	8	720	1
2	597	720	1
270	8	720	1
270	597	720	1
270	557	721	1
270	473	721	1
85	557	721	1
85	473	721	1
56	113	722	1
56	13	722	1
56	102	723	1
56	11	723	1
822	74	724	1
822	4	724	1
822	59	724	1
3	74	724	1
3	4	724	1
3	59	724	1
1	74	724	1
1	4	724	1
1	59	724	1
1016	1017	725	1
1016	1	725	1
1016	3	725	1
7	1017	725	1
7	1	725	1
7	3	725	1
4	1017	725	1
4	1	725	1
4	3	725	1
59	1017	725	1
59	1	725	1
59	3	725	1
992	664	726	1
992	1	726	1
992	3	726	1
7	664	726	1
7	1	726	1
7	3	726	1
4	664	726	1
4	1	726	1
4	3	726	1
59	664	726	1
59	1	726	1
59	3	726	1
563	385	727	1
563	13	727	1
1	385	727	1
1	13	727	1
951	957	728	1
951	3	728	1
951	1	728	1
4	957	728	1
4	3	728	1
4	1	728	1
59	957	728	1
59	3	728	1
59	1	728	1
957	951	729	1
2	8	730	1
2	321	730	1
183	8	730	1
183	321	730	1
8	183	731	1
321	183	731	1
323	86	732	1
323	70	732	1
1	86	732	1
1	70	732	1
438	788	733	1
788	438	734	1
214	75	735	1
214	11	735	1
214	4	735	1
214	59	735	1
10	75	735	1
10	11	735	1
10	4	735	1
10	59	735	1
3	75	735	1
3	11	735	1
3	4	735	1
3	59	735	1
574	75	736	1
613	75	737	1
613	21	737	1
882	18	738	1
882	75	738	1
10	18	738	1
10	75	738	1
2	18	739	1
2	12	739	1
2	75	739	1
121	18	739	1
121	12	739	1
121	75	739	1
10	18	739	1
10	12	739	1
10	75	739	1
18	121	740	1
75	121	740	1
657	113	741	1
114	30	742	1
114	471	742	1
15	30	742	1
15	471	742	1
30	114	743	1
737	413	744	1
737	12	744	1
737	11	744	1
1192	413	744	1
1192	12	744	1
1192	11	744	1
7	1042	745	1
7	1	745	1
1041	1042	745	1
1041	1	745	1
59	1042	745	1
59	1	745	1
489	276	746	1
512	303	747	1
512	13	747	1
1	303	747	1
1	13	747	1
837	838	748	1
837	11	748	1
2	8	749	1
2	9	749	1
2	331	749	1
448	8	749	1
448	9	749	1
448	331	749	1
150	8	749	1
150	9	749	1
150	331	749	1
2	8	750	1
2	9	750	1
2	748	750	1
331	8	750	1
331	9	750	1
331	748	750	1
328	8	750	1
328	9	750	1
328	748	750	1
2	12	751	1
2	884	751	1
28	12	751	1
28	884	751	1
519	27	752	1
519	59	752	1
1041	27	752	1
1041	59	752	1
27	519	753	1
2	8	754	1
2	335	754	1
165	8	754	1
165	335	754	1
8	165	755	1
335	165	755	1
615	691	756	1
615	1	756	1
691	615	757	1
699	614	758	1
699	1	758	1
614	699	759	1
613	699	760	1
2	8	761	1
2	9	761	1
2	616	761	1
721	8	761	1
721	9	761	1
721	616	761	1
8	721	762	1
616	721	762	1
1077	969	763	1
1077	107	763	1
1077	1	763	1
106	969	763	1
106	107	763	1
106	1	763	1
59	969	763	1
59	107	763	1
59	1	763	1
7	969	763	1
7	107	763	1
7	1	763	1
2	856	764	1
2	18	764	1
2	12	764	1
139	856	764	1
139	18	764	1
139	12	764	1
50	856	764	1
50	18	764	1
50	12	764	1
683	700	765	1
1203	143	766	1
1203	13	766	1
1	143	766	1
1	13	766	1
718	682	767	1
718	1	767	1
682	718	768	1
867	868	769	1
867	14	769	1
34	868	769	1
34	14	769	1
668	234	770	1
810	808	771	1
810	24	771	1
810	151	771	1
1	808	771	1
1	24	771	1
1	151	771	1
7	808	771	1
7	24	771	1
7	151	771	1
955	506	772	1
955	13	772	1
1	506	772	1
1	13	772	1
1068	964	773	1
1068	44	773	1
1068	164	773	1
7	964	773	1
7	44	773	1
7	164	773	1
841	1167	774	1
841	22	774	1
841	8	774	1
841	9	774	1
49	1167	774	1
49	22	774	1
49	8	774	1
49	9	774	1
2	1167	774	1
2	22	774	1
2	8	774	1
2	9	774	1
1	1167	774	1
1	22	774	1
1	8	774	1
1	9	774	1
1167	841	775	1
22	841	775	1
8	841	775	1
1167	49	775	1
22	49	775	1
8	49	775	1
1068	441	776	1
1068	44	776	1
7	441	776	1
7	44	776	1
671	790	777	1
671	1	777	1
790	671	778	1
791	788	779	1
791	9	779	1
1	788	779	1
1	9	779	1
1093	1094	780	1
1093	21	780	1
161	76	781	1
161	733	781	1
729	76	781	1
729	733	781	1
733	161	782	1
733	729	782	1
1097	1096	783	1
736	1069	784	1
73	386	785	1
73	197	785	1
23	386	785	1
23	197	785	1
2	8	786	1
2	9	786	1
2	748	786	1
405	8	786	1
405	9	786	1
405	748	786	1
1210	8	786	1
1210	9	786	1
1210	748	786	1
438	456	787	1
438	4	787	1
438	59	787	1
3	456	787	1
3	4	787	1
3	59	787	1
456	438	788	1
1172	1158	789	1
1172	18	789	1
1172	1	789	1
908	1158	789	1
908	18	789	1
908	1	789	1
1158	1172	790	1
18	1172	790	1
1171	855	791	1
1171	19	791	1
17	855	791	1
17	19	791	1
1027	398	792	1
1027	5	792	1
1027	59	792	1
6	398	792	1
6	5	792	1
6	59	792	1
274	801	793	1
274	22	793	1
23	801	793	1
23	22	793	1
801	274	794	1
22	274	794	1
801	23	794	1
22	23	794	1
73	386	795	1
73	22	795	1
23	386	795	1
23	22	795	1
58	785	796	1
58	11	796	1
58	123	797	1
58	22	797	1
23	123	797	1
23	22	797	1
123	58	798	1
22	58	798	1
123	23	798	1
22	23	798	1
356	58	799	1
356	1	799	1
356	11	799	1
1020	281	800	1
1020	28	800	1
1	281	800	1
1	28	800	1
89	83	801	1
83	89	802	1
645	443	803	1
90	443	803	1
443	863	804	1
443	9	804	1
1	863	804	1
1	9	804	1
117	10	805	1
117	170	805	1
1	10	805	1
1	170	805	1
595	116	806	1
595	92	806	1
1	116	806	1
1	92	806	1
778	117	807	1
756	208	808	1
756	5	808	1
756	59	808	1
6	208	808	1
6	5	808	1
6	59	808	1
208	756	809	1
978	977	810	1
213	141	811	1
213	11	811	1
213	4	811	1
213	59	811	1
3	141	811	1
3	11	811	1
3	4	811	1
3	59	811	1
141	213	812	1
860	861	813	1
26	861	813	1
852	853	814	1
852	19	814	1
17	853	814	1
17	19	814	1
1195	659	815	1
1195	659	816	1
935	111	817	1
935	1223	817	1
738	111	817	1
738	1223	817	1
111	935	818	1
1223	935	818	1
111	738	818	1
1223	738	818	1
1223	138	819	1
1223	9	819	1
1	138	819	1
1	9	819	1
138	1223	820	1
624	886	821	1
1	886	821	1
886	624	822	1
465	628	823	1
465	11	823	1
465	1	823	1
972	902	824	1
972	107	824	1
972	1	824	1
106	902	824	1
106	107	824	1
106	1	824	1
59	902	824	1
59	107	824	1
59	1	824	1
7	902	824	1
7	107	824	1
7	1	824	1
513	972	825	1
513	107	825	1
513	1	825	1
106	972	825	1
106	107	825	1
106	1	825	1
59	972	825	1
59	107	825	1
59	1	825	1
7	972	825	1
7	107	825	1
7	1	825	1
2	8	826	1
2	16	826	1
171	8	826	1
171	16	826	1
8	171	827	1
16	171	827	1
1047	1049	828	1
39	1049	828	1
1049	1047	829	1
1048	1050	830	1
1048	1	830	1
39	1050	830	1
39	1	830	1
1050	1048	831	1
191	180	832	1
191	306	832	1
9	180	832	1
9	306	832	1
180	191	833	1
306	191	833	1
1092	1091	834	1
1092	1	834	1
1091	1092	835	1
61	265	836	1
61	11	836	1
61	440	837	1
61	22	837	1
23	440	837	1
23	22	837	1
440	61	838	1
22	61	838	1
440	23	838	1
22	23	838	1
61	218	839	1
61	1	839	1
7	218	839	1
7	1	839	1
462	435	840	1
32	20	841	1
32	74	841	1
154	20	841	1
154	74	841	1
20	32	842	1
74	32	842	1
20	154	842	1
74	154	842	1
760	647	843	1
760	153	843	1
1	647	843	1
1	153	843	1
2	8	844	1
2	737	844	1
712	8	844	1
712	737	844	1
8	712	845	1
737	712	845	1
797	711	846	1
797	4	846	1
797	59	846	1
3	711	846	1
3	4	846	1
3	59	846	1
1	711	846	1
1	4	846	1
1	59	846	1
899	618	847	1
2	8	848	1
2	41	848	1
155	8	848	1
155	41	848	1
8	155	849	1
41	155	850	1
41	9	850	1
1	155	850	1
1	9	850	1
102	291	851	1
102	32	851	1
20	291	851	1
20	32	851	1
291	102	852	1
32	102	852	1
291	20	852	1
32	20	852	1
790	692	853	1
692	790	854	1
49	593	855	1
90	593	855	1
49	22	855	1
90	22	855	1
81	690	856	1
90	690	856	1
791	83	857	1
791	89	857	1
83	791	858	1
89	791	858	1
2	12	859	1
2	869	859	1
91	12	859	1
91	869	859	1
118	157	860	1
118	6	860	1
118	1	860	1
7	157	860	1
7	6	860	1
7	1	860	1
5	157	860	1
5	6	860	1
5	1	860	1
59	157	860	1
59	6	860	1
59	1	860	1
158	1018	861	1
158	89	861	1
52	1018	861	1
52	89	861	1
1018	158	862	1
89	158	862	1
794	1018	863	1
794	88	863	1
52	1018	863	1
52	88	863	1
1018	794	864	1
88	794	864	1
795	971	865	1
795	107	865	1
795	1	865	1
106	971	865	1
106	107	865	1
106	1	865	1
59	971	865	1
59	107	865	1
59	1	865	1
7	971	865	1
7	107	865	1
7	1	865	1
251	794	866	1
251	9	866	1
1	794	866	1
1	9	866	1
2	8	867	1
2	9	867	1
2	448	867	1
405	8	867	1
405	9	867	1
405	448	867	1
32	8	867	1
32	9	867	1
32	448	867	1
719	405	868	1
719	405	869	1
406	605	870	1
406	11	870	1
17	19	871	1
17	541	871	1
406	19	871	1
406	541	871	1
63	28	872	1
63	4	872	1
63	59	872	1
3	28	872	1
3	4	872	1
3	59	872	1
1	28	872	1
1	4	872	1
1	59	872	1
159	33	873	1
159	4	873	1
159	59	873	1
3	33	873	1
3	4	873	1
3	59	873	1
1	33	873	1
1	4	873	1
1	59	873	1
159	33	874	1
159	5	874	1
159	59	874	1
6	33	874	1
6	5	874	1
6	59	874	1
1	33	874	1
1	5	874	1
1	59	874	1
37	120	875	1
20	757	876	1
20	11	876	1
52	757	876	1
52	11	876	1
135	82	877	1
135	13	877	1
455	82	878	1
455	13	878	1
1	82	878	1
1	13	878	1
82	455	879	1
897	82	880	1
896	82	881	1
896	11	881	1
112	18	882	1
90	18	882	1
296	18	883	1
1	18	883	1
773	776	884	1
773	21	884	1
772	782	885	1
772	1	885	1
782	772	886	1
773	772	887	1
770	781	888	1
770	1	888	1
781	770	889	1
771	770	890	1
769	768	891	1
766	779	892	1
766	1	892	1
779	766	893	1
774	777	894	1
774	1	894	1
777	774	895	1
775	774	896	1
263	949	897	1
20	949	897	1
949	263	898	1
949	20	898	1
19	631	899	1
19	112	899	1
1	631	899	1
1	112	899	1
1182	1181	900	1
1182	5	900	1
1182	59	900	1
6	1181	900	1
6	5	900	1
6	59	900	1
1	1181	900	1
1	5	900	1
1	59	900	1
2	8	901	1
2	55	901	1
14	8	901	1
14	55	901	1
8	14	902	1
2	8	904	1
2	14	904	1
79	8	904	1
79	14	904	1
8	79	905	1
14	79	905	1
178	309	906	1
178	8	906	1
2	309	906	1
2	8	906	1
309	178	907	1
8	178	907	1
2	8	908	1
2	1211	908	1
190	8	908	1
190	1211	908	1
1208	20	910	1
1208	13	910	1
1	20	910	1
1	13	910	1
1209	82	911	1
1209	13	911	1
1	82	911	1
1	13	911	1
398	44	912	1
398	39	912	1
1	44	912	1
1	39	912	1
403	44	913	1
403	22	913	1
1	44	913	1
1	22	913	1
89	140	915	1
89	5	915	1
89	59	915	1
6	140	915	1
6	5	915	1
6	59	915	1
1	140	915	1
1	5	915	1
1	59	915	1
196	18	916	1
196	88	916	1
1	18	916	1
1	88	916	1
173	443	917	1
90	443	917	1
173	8	917	1
90	8	917	1
2	8	918	1
2	316	918	1
284	8	918	1
284	316	918	1
8	284	919	1
316	284	919	1
605	412	920	1
605	11	920	1
605	53	920	1
605	763	920	1
17	412	920	1
17	11	920	1
17	53	920	1
17	763	920	1
265	649	921	1
265	3	921	1
265	1	921	1
7	649	921	1
7	3	921	1
7	1	921	1
4	649	921	1
4	3	921	1
4	1	921	1
59	649	921	1
59	3	921	1
59	1	921	1
265	650	922	1
265	13	922	1
265	24	922	1
1	650	922	1
1	13	922	1
1	24	922	1
7	650	922	1
7	13	922	1
7	24	922	1
367	327	923	1
367	1	923	1
477	73	924	1
477	31	924	1
1	73	924	1
1	31	924	1
73	477	925	1
31	477	925	1
704	89	926	1
704	20	926	1
89	704	927	1
20	704	927	1
213	704	928	1
213	1	928	1
456	213	929	1
1	213	929	1
450	213	930	1
450	213	931	1
2	12	932	1
2	1172	932	1
872	12	932	1
872	1172	932	1
1172	872	933	1
648	1202	934	1
648	1	934	1
1202	648	935	1
1202	1203	936	1
487	474	937	1
753	727	938	1
753	729	938	1
753	22	938	1
49	727	938	1
49	729	938	1
49	22	938	1
728	1107	939	1
728	28	939	1
389	827	940	1
389	28	940	1
480	827	940	1
480	28	940	1
827	389	941	1
28	389	941	1
23	68	942	1
23	11	942	1
23	4	942	1
23	59	942	1
10	68	942	1
10	11	942	1
10	4	942	1
10	59	942	1
3	68	942	1
3	11	942	1
3	4	942	1
3	59	942	1
985	949	943	1
1	949	943	1
949	985	944	1
360	293	945	1
360	26	945	1
1	293	945	1
1	26	945	1
292	112	946	1
292	325	946	1
9	112	946	1
9	325	946	1
112	292	947	1
325	292	947	1
186	64	948	1
64	186	949	1
69	64	950	1
64	69	951	1
303	37	952	1
303	65	952	1
37	303	953	1
65	303	953	1
1059	1060	954	1
1059	1021	954	1
39	1060	954	1
39	1021	954	1
1060	1059	955	1
981	1061	956	1
981	1021	956	1
39	1061	956	1
39	1021	956	1
59	1061	956	1
59	1021	956	1
1061	981	957	1
1004	37	958	1
1004	347	958	1
1004	24	958	1
1	37	958	1
1	347	958	1
1	24	958	1
7	37	958	1
7	347	958	1
7	24	958	1
811	808	959	1
811	13	959	1
811	24	959	1
1	808	959	1
1	13	959	1
1	24	959	1
7	808	959	1
7	13	959	1
7	24	959	1
145	414	960	1
414	145	961	1
21	10	962	1
21	515	962	1
145	10	962	1
145	515	962	1
515	21	963	1
515	145	963	1
589	576	964	1
23	554	965	1
9	2	966	1
9	53	966	1
9	1	966	1
12	2	966	1
12	53	966	1
12	1	966	1
17	2	966	1
17	53	966	1
17	1	966	1
47	651	967	1
47	32	967	1
20	651	967	1
20	32	967	1
651	47	968	1
32	47	968	1
651	20	968	1
32	20	968	1
2	8	969	1
2	46	969	1
175	8	969	1
175	46	969	1
8	175	970	1
46	175	971	1
46	9	971	1
1	175	971	1
1	9	971	1
753	729	972	1
753	727	972	1
753	1	972	1
13	729	972	1
13	727	972	1
13	1	972	1
1239	1238	973	1
1239	11	973	1
1238	1239	974	1
2	8	975	1
2	627	975	1
365	8	975	1
365	627	975	1
8	365	976	1
627	365	976	1
501	364	977	1
716	1146	978	1
716	9	978	1
1	1146	978	1
1	9	978	1
294	424	979	1
294	6	979	1
294	1	979	1
5	424	979	1
5	6	979	1
5	1	979	1
59	424	979	1
59	6	979	1
59	1	979	1
7	424	979	1
7	6	979	1
7	1	979	1
132	913	980	1
132	6	980	1
5	913	980	1
5	6	980	1
59	913	980	1
59	6	980	1
7	913	980	1
7	6	980	1
132	913	981	1
132	3	981	1
4	913	981	1
4	3	981	1
59	913	981	1
59	3	981	1
7	913	981	1
7	3	981	1
731	79	982	1
731	745	982	1
1146	79	982	1
1146	745	982	1
79	731	983	1
745	731	983	1
79	1146	983	1
745	1146	983	1
304	800	984	1
304	22	984	1
23	800	984	1
23	22	984	1
800	304	985	1
22	304	985	1
800	23	985	1
22	23	985	1
785	302	986	1
785	13	986	1
785	24	986	1
7	302	986	1
7	13	986	1
7	24	986	1
1	302	986	1
1	13	986	1
1	24	986	1
25	124	987	1
25	4	987	1
25	59	987	1
1	124	987	1
1	4	987	1
1	59	987	1
3	124	987	1
3	4	987	1
3	59	987	1
25	79	988	1
25	77	988	1
1	79	988	1
1	77	988	1
289	804	989	1
289	13	989	1
289	24	989	1
1	804	989	1
1	13	989	1
1	24	989	1
7	804	989	1
7	13	989	1
7	24	989	1
622	39	990	1
622	288	990	1
288	622	991	1
302	952	992	1
302	4	992	1
302	59	992	1
3	952	992	1
3	4	992	1
3	59	992	1
1	952	992	1
1	4	992	1
1	59	992	1
2	18	993	1
2	12	993	1
2	300	993	1
952	18	993	1
952	12	993	1
952	300	993	1
10	18	993	1
10	12	993	1
10	300	993	1
18	952	994	1
300	952	994	1
63	259	995	1
63	638	996	1
20	638	996	1
638	63	997	1
638	20	997	1
135	31	998	1
135	63	998	1
31	135	999	1
63	135	999	1
132	720	1000	1
132	3	1000	1
4	720	1000	1
4	3	1000	1
59	720	1000	1
59	3	1000	1
7	720	1000	1
7	3	1000	1
643	247	1001	1
1	247	1001	1
247	643	1002	1
247	403	1003	1
247	13	1003	1
1	403	1003	1
1	13	1003	1
243	687	1004	1
245	56	1005	1
245	307	1005	1
22	56	1005	1
22	307	1005	1
56	245	1006	1
307	245	1006	1
56	22	1006	1
307	22	1006	1
437	909	1007	1
437	4	1007	1
437	59	1007	1
3	909	1007	1
3	4	1007	1
3	59	1007	1
1	909	1007	1
1	4	1007	1
1	59	1007	1
125	178	1008	1
126	9	1009	1
126	246	1009	1
38	9	1009	1
38	246	1009	1
125	430	1010	1
430	125	1011	1
126	9	1012	1
126	206	1012	1
56	9	1012	1
56	206	1012	1
1104	1086	1014	1
1104	21	1014	1
605	412	1015	1
605	11	1015	1
605	1	1015	1
7	412	1015	1
7	11	1015	1
7	1	1015	1
737	12	1016	1
737	413	1016	1
693	12	1016	1
693	413	1016	1
1103	937	1017	1
750	644	1018	1
750	285	1018	1
644	750	1019	1
354	150	1020	1
354	13	1020	1
1	150	1020	1
1	13	1020	1
149	130	1021	1
149	325	1021	1
9	130	1021	1
9	325	1021	1
130	149	1022	1
325	149	1022	1
938	936	1023	1
35	383	1024	1
35	12	1024	1
5	6	1026	1
5	4	1026	1
3	6	1026	1
3	4	1026	1
49	22	1028	1
23	22	1028	1
1228	839	1029	1
1228	1041	1029	1
59	839	1029	1
59	1041	1029	1
839	1228	1030	1
255	224	1031	1
255	12	1031	1
1	224	1031	1
1	12	1031	1
48	55	1032	1
48	13	1032	1
1	55	1032	1
1	13	1032	1
1158	1231	1033	1
1158	12	1033	1
48	1231	1033	1
48	12	1033	1
1231	1158	1034	1
1158	1173	1035	1
1158	12	1035	1
35	1173	1035	1
35	12	1035	1
1173	1158	1036	1
242	606	1037	1
242	22	1037	1
23	606	1037	1
23	22	1037	1
606	242	1038	1
22	242	1038	1
606	23	1038	1
22	23	1038	1
17	19	1039	1
17	541	1039	1
1064	19	1039	1
1064	541	1039	1
203	1237	1040	1
203	294	1040	1
203	6	1040	1
203	1	1040	1
5	1237	1040	1
5	294	1040	1
5	6	1040	1
5	1	1040	1
59	1237	1040	1
59	294	1040	1
59	6	1040	1
59	1	1040	1
7	1237	1040	1
7	294	1040	1
7	6	1040	1
7	1	1040	1
1237	203	1041	1
294	203	1041	1
2	12	1042	1
2	369	1042	1
428	12	1042	1
428	369	1042	1
369	428	1043	1
369	18	1043	1
1	428	1043	1
1	18	1043	1
241	646	1044	1
646	241	1045	1
516	179	1046	1
516	11	1046	1
230	180	1047	1
101	20	1048	1
101	13	1048	1
101	24	1048	1
1	20	1048	1
1	13	1048	1
1	24	1048	1
7	20	1048	1
7	13	1048	1
7	24	1048	1
993	963	1049	1
993	9	1049	1
1	963	1049	1
1	9	1049	1
148	37	1050	1
148	151	1050	1
148	24	1050	1
1	37	1050	1
1	151	1050	1
1	24	1050	1
7	37	1050	1
7	151	1050	1
7	24	1050	1
2	8	1051	1
2	791	1051	1
418	8	1051	1
418	791	1051	1
8	418	1052	1
791	418	1052	1
50	698	1053	1
50	31	1053	1
50	1	1053	1
449	698	1053	1
449	31	1053	1
449	1	1053	1
698	50	1054	1
31	50	1054	1
794	1176	1055	1
1176	794	1056	1
263	75	1057	1
263	4	1057	1
263	59	1057	1
3	75	1057	1
3	4	1057	1
3	59	1057	1
10	75	1057	1
10	4	1057	1
10	59	1057	1
75	263	1058	1
632	105	1059	1
632	9	1059	1
1	105	1059	1
1	9	1059	1
661	105	1060	1
661	9	1060	1
1	105	1060	1
1	9	1060	1
439	105	1061	1
439	9	1061	1
1	105	1061	1
1	9	1061	1
105	330	1062	1
105	4	1062	1
105	59	1062	1
3	330	1062	1
3	4	1062	1
3	59	1062	1
330	105	1063	1
583	564	1064	1
583	32	1064	1
1	564	1064	1
1	32	1064	1
767	496	1065	1
767	21	1065	1
600	496	1066	1
1151	1149	1067	1
1151	10	1067	1
21	1149	1067	1
21	10	1067	1
1149	1151	1068	1
1149	21	1068	1
397	406	1069	1
397	1	1069	1
1207	1199	1070	1
1207	22	1070	1
23	1199	1070	1
23	22	1070	1
1199	1207	1071	1
22	1207	1071	1
1199	23	1071	1
22	23	1071	1
209	1205	1072	1
209	4	1072	1
209	59	1072	1
3	1205	1072	1
3	4	1072	1
3	59	1072	1
965	360	1073	1
965	26	1073	1
359	514	1074	1
514	359	1075	1
313	385	1076	1
313	4	1076	1
313	59	1076	1
3	385	1076	1
3	4	1076	1
3	59	1076	1
1	385	1076	1
1	4	1076	1
1	59	1076	1
1031	1034	1077	1
39	1034	1077	1
55	12	1078	1
55	25	1078	1
77	12	1078	1
77	25	1078	1
25	77	1079	1
1031	1033	1080	1
39	1033	1080	1
287	400	1081	1
7	400	1081	1
1043	1045	1082	1
39	1045	1082	1
27	1070	1083	1
27	12	1083	1
1	1070	1083	1
1	12	1083	1
252	1070	1083	1
252	12	1083	1
1070	27	1084	1
1070	252	1084	1
174	123	1085	1
174	1	1085	1
174	11	1085	1
123	864	1086	1
123	11	1086	1
7	864	1086	1
7	11	1086	1
603	140	1087	1
8	140	1088	1
163	140	1088	1
750	1189	1089	1
750	63	1089	1
750	285	1089	1
1	1189	1089	1
1	63	1089	1
1	285	1089	1
1189	750	1090	1
63	750	1090	1
17	19	1091	1
17	919	1091	1
918	19	1091	1
918	919	1091	1
19	918	1092	1
919	918	1092	1
1027	398	1093	1
1027	4	1093	1
1027	59	1093	1
3	398	1093	1
3	4	1093	1
3	59	1093	1
542	1029	1094	1
1029	542	1095	1
734	892	1096	1
734	28	1096	1
1	892	1096	1
1	28	1096	1
42	18	1097	1
42	9	1097	1
1	18	1097	1
1	9	1097	1
340	1041	1098	1
340	844	1098	1
59	1041	1098	1
59	844	1098	1
844	340	1099	1
441	53	1100	1
441	23	1100	1
22	53	1100	1
22	23	1100	1
53	441	1101	1
23	441	1101	1
53	22	1101	1
23	22	1101	1
655	697	1102	1
655	76	1102	1
250	697	1102	1
250	76	1102	1
1	697	1102	1
1	76	1102	1
697	655	1103	1
697	250	1103	1
1134	1135	1104	1
1134	19	1104	1
17	1135	1104	1
17	19	1104	1
1135	1134	1105	1
19	1134	1105	1
967	1140	1106	1
1140	967	1107	1
1133	1134	1108	1
1133	18	1108	1
1133	12	1108	1
1133	22	1108	1
2	1134	1108	1
2	18	1108	1
2	12	1108	1
2	22	1108	1
49	1134	1108	1
49	18	1108	1
49	12	1108	1
49	22	1108	1
1	1134	1108	1
1	18	1108	1
1	12	1108	1
1	22	1108	1
1134	1133	1109	1
18	1133	1109	1
22	1133	1109	1
1134	49	1109	1
18	49	1109	1
22	49	1109	1
960	1134	1110	1
960	12	1110	1
90	1134	1110	1
90	12	1110	1
1134	960	1111	1
1134	90	1111	1
724	1133	1112	1
724	4	1112	1
724	59	1112	1
3	1133	1112	1
3	4	1112	1
3	59	1112	1
1	1133	1112	1
1	4	1112	1
1	59	1112	1
1133	724	1113	1
21	10	1114	1
21	1150	1114	1
725	10	1114	1
725	1150	1114	1
1150	21	1115	1
1150	725	1115	1
373	757	1116	1
373	20	1116	1
52	757	1116	1
52	20	1116	1
757	373	1117	1
20	373	1117	1
373	662	1118	1
373	6	1118	1
5	662	1118	1
5	6	1118	1
59	662	1118	1
59	6	1118	1
245	457	1119	1
245	22	1119	1
23	457	1119	1
23	22	1119	1
457	245	1120	1
22	245	1120	1
457	23	1120	1
22	23	1120	1
478	692	1121	1
7	692	1121	1
430	178	1122	1
430	178	1123	1
177	927	1124	1
177	471	1124	1
15	927	1124	1
15	471	1124	1
927	177	1125	1
68	10	1126	1
68	610	1126	1
47	10	1126	1
47	610	1126	1
610	68	1127	1
610	47	1127	1
2	8	1128	1
2	470	1128	1
225	8	1128	1
225	470	1128	1
8	225	1129	1
470	225	1129	1
2	8	1130	1
2	223	1130	1
224	8	1130	1
224	223	1130	1
8	224	1131	1
223	224	1131	1
2	8	1132	1
2	221	1132	1
222	8	1132	1
222	221	1132	1
8	222	1133	1
221	222	1133	1
2	8	1134	1
2	255	1134	1
223	8	1134	1
223	255	1134	1
8	223	1135	1
255	223	1135	1
2	8	1136	1
2	9	1136	1
2	602	1136	1
589	8	1136	1
589	9	1136	1
589	602	1136	1
190	8	1136	1
190	9	1136	1
190	602	1136	1
8	589	1137	1
602	589	1137	1
666	588	1138	1
666	11	1138	1
885	589	1139	1
885	1	1139	1
589	885	1140	1
1197	20	1141	1
1197	37	1141	1
20	1197	1142	1
37	1197	1142	1
2	8	1143	1
2	9	1143	1
2	630	1143	1
2	59	1143	1
519	8	1143	1
519	9	1143	1
519	630	1143	1
519	59	1143	1
198	8	1143	1
198	9	1143	1
198	630	1143	1
198	59	1143	1
1	8	1143	1
1	9	1143	1
1	630	1143	1
1	59	1143	1
8	519	1144	1
630	519	1144	1
8	483	1145	1
126	483	1145	1
65	11	1146	1
65	13	1146	1
1	11	1146	1
1	13	1146	1
472	11	1147	1
472	1	1147	1
970	1077	1149	1
970	107	1149	1
970	1	1149	1
106	1077	1149	1
106	107	1149	1
106	1	1149	1
59	1077	1149	1
59	107	1149	1
59	1	1149	1
7	1077	1149	1
7	107	1149	1
7	1	1149	1
1075	1078	1150	1
1075	107	1150	1
1075	1	1150	1
106	1078	1150	1
106	107	1150	1
106	1	1150	1
59	1078	1150	1
59	107	1150	1
59	1	1150	1
7	1078	1150	1
7	107	1150	1
7	1	1150	1
2	8	1151	1
2	450	1151	1
927	8	1151	1
927	450	1151	1
8	927	1152	1
450	927	1152	1
23	22	1153	1
973	1076	1154	1
973	107	1154	1
973	1	1154	1
106	1076	1154	1
106	107	1154	1
106	1	1154	1
59	1076	1154	1
59	107	1154	1
59	1	1154	1
7	1076	1154	1
7	107	1154	1
7	1	1154	1
436	22	1155	1
436	4	1155	1
436	59	1155	1
3	22	1155	1
3	4	1155	1
3	59	1155	1
1	22	1155	1
1	4	1155	1
1	59	1155	1
23	22	1156	1
979	980	1157	1
979	8	1157	1
2	980	1157	1
2	8	1157	1
980	979	1158	1
8	979	1158	1
882	121	1159	1
20	889	1160	1
20	11	1160	1
82	889	1160	1
82	11	1160	1
696	428	1161	1
696	11	1161	1
425	141	1162	1
141	425	1163	1
1193	1083	1164	1
1193	8	1164	1
1193	9	1164	1
1193	1	1164	1
13	1083	1164	1
13	8	1164	1
13	9	1164	1
13	1	1164	1
2	1083	1164	1
2	8	1164	1
2	9	1164	1
2	1	1164	1
413	228	1165	1
413	9	1165	1
1	228	1165	1
1	9	1165	1
463	228	1166	1
688	228	1166	1
714	670	1167	1
670	714	1168	1
943	942	1169	1
50	57	1170	1
50	1	1170	1
257	57	1170	1
257	1	1170	1
120	37	1171	1
120	24	1171	1
7	37	1171	1
7	24	1171	1
427	20	1172	1
427	37	1172	1
20	427	1173	1
37	427	1173	1
21	114	1174	1
37	114	1174	1
199	33	1175	1
199	37	1175	1
33	199	1176	1
37	199	1176	1
1010	1011	1177	1
1	1011	1177	1
1011	1010	1178	1
1009	1011	1179	1
1	1011	1179	1
1011	1009	1180	1
2	8	1181	1
2	9	1181	1
2	250	1181	1
626	8	1181	1
626	9	1181	1
626	250	1181	1
59	8	1181	1
59	9	1181	1
59	250	1181	1
626	250	1182	1
626	1	1182	1
913	67	1183	1
913	4	1183	1
913	11	1183	1
913	59	1183	1
3	67	1183	1
3	4	1183	1
3	11	1183	1
3	59	1183	1
633	596	1184	1
633	32	1184	1
20	596	1184	1
20	32	1184	1
596	633	1185	1
32	633	1185	1
596	20	1185	1
32	20	1185	1
524	897	1186	1
1	897	1186	1
897	524	1187	1
552	524	1188	1
552	1	1188	1
524	552	1189	1
571	522	1190	1
7	522	1190	1
809	807	1191	1
809	24	1191	1
809	13	1191	1
1	807	1191	1
1	24	1191	1
1	13	1191	1
7	807	1191	1
7	24	1191	1
7	13	1191	1
22	150	1193	1
150	22	1194	1
243	23	1195	1
243	5	1195	1
243	59	1195	1
6	23	1195	1
6	5	1195	1
6	59	1195	1
1	23	1195	1
1	5	1195	1
1	59	1195	1
199	23	1196	1
199	11	1196	1
199	5	1196	1
199	59	1196	1
6	23	1196	1
6	11	1196	1
6	5	1196	1
6	59	1196	1
23	199	1197	1
1144	1209	1198	1
982	1230	1199	1
982	51	1199	1
982	46	1199	1
982	1	1199	1
497	1230	1199	1
497	51	1199	1
497	46	1199	1
497	1	1199	1
7	1230	1199	1
7	51	1199	1
7	46	1199	1
7	1	1199	1
507	506	1200	1
506	507	1201	1
391	120	1202	1
391	9	1202	1
1	120	1202	1
1	9	1202	1
1105	1087	1203	1
1105	21	1203	1
421	459	1204	1
421	22	1204	1
23	459	1204	1
23	22	1204	1
459	421	1205	1
22	421	1205	1
459	23	1205	1
22	23	1205	1
273	237	1206	1
931	932	1207	1
931	22	1207	1
931	9	1207	1
931	8	1207	1
49	932	1207	1
49	22	1207	1
49	9	1207	1
49	8	1207	1
2	932	1207	1
2	22	1207	1
2	9	1207	1
2	8	1207	1
1	932	1207	1
1	22	1207	1
1	9	1207	1
1	8	1207	1
932	931	1208	1
22	931	1208	1
8	931	1208	1
932	49	1208	1
22	49	1208	1
8	49	1208	1
916	928	1209	1
916	9	1209	1
916	22	1209	1
916	8	1209	1
49	928	1209	1
49	9	1209	1
49	22	1209	1
49	8	1209	1
2	928	1209	1
2	9	1209	1
2	22	1209	1
2	8	1209	1
1	928	1209	1
1	9	1209	1
1	22	1209	1
1	8	1209	1
928	916	1210	1
22	916	1210	1
8	916	1210	1
928	49	1210	1
22	49	1210	1
8	49	1210	1
17	19	1211	1
17	920	1211	1
17	11	1211	1
911	19	1211	1
911	920	1211	1
911	11	1211	1
19	911	1212	1
920	911	1212	1
1025	1026	1213	1
1	1026	1213	1
1026	1025	1214	1
525	1026	1215	1
709	452	1216	1
709	9	1216	1
1	452	1216	1
1	9	1216	1
353	327	1217	1
353	1	1217	1
495	326	1218	1
495	8	1218	1
47	131	1219	1
47	11	1219	1
799	499	1220	1
799	11	1220	1
799	5	1220	1
799	59	1220	1
6	499	1220	1
6	11	1220	1
6	5	1220	1
6	59	1220	1
629	799	1221	1
328	36	1222	1
328	11	1222	1
2	8	1223	1
2	254	1223	1
335	8	1223	1
335	254	1223	1
8	335	1224	1
254	335	1224	1
254	256	1225	1
254	13	1225	1
1	256	1225	1
1	13	1225	1
253	595	1226	1
253	9	1226	1
1	595	1226	1
1	9	1226	1
595	253	1227	1
253	443	1228	1
253	13	1228	1
1	443	1228	1
1	13	1228	1
443	253	1229	1
255	12	1230	1
255	359	1230	1
77	12	1230	1
77	359	1230	1
359	255	1231	1
359	77	1231	1
454	136	1232	1
454	70	1232	1
1	136	1232	1
1	70	1232	1
1186	1185	1233	1
1183	1184	1234	1
1183	12	1234	1
1	1184	1234	1
1	12	1234	1
768	600	1235	1
768	1	1235	1
600	768	1236	1
394	603	1237	1
394	22	1237	1
23	603	1237	1
23	22	1237	1
603	394	1238	1
22	394	1238	1
603	23	1238	1
22	23	1238	1
165	368	1239	1
165	9	1239	1
1	368	1239	1
1	9	1239	1
346	549	1240	1
346	13	1240	1
1	549	1240	1
1	13	1240	1
549	346	1241	1
2	8	1242	1
2	1234	1242	1
1233	8	1242	1
1233	1234	1242	1
8	1233	1243	1
1234	1233	1243	1
582	1154	1244	1
1154	582	1245	1
8	20	1246	1
54	20	1246	1
20	21	1247	1
20	11	1247	1
20	4	1247	1
20	59	1247	1
10	21	1247	1
10	11	1247	1
10	4	1247	1
10	59	1247	1
3	21	1247	1
3	11	1247	1
3	4	1247	1
3	59	1247	1
1074	37	1248	1
1074	13	1248	1
1	37	1248	1
1	13	1248	1
986	295	1249	1
986	20	1249	1
761	494	1250	1
494	761	1251	1
1015	242	1252	1
1015	4	1252	1
1015	59	1252	1
3	242	1252	1
3	4	1252	1
3	59	1252	1
1	242	1252	1
1	4	1252	1
1	59	1252	1
210	159	1253	1
210	22	1253	1
23	159	1253	1
23	22	1253	1
159	210	1254	1
22	210	1254	1
159	23	1254	1
22	23	1254	1
813	159	1255	1
813	20	1255	1
159	813	1256	1
20	813	1256	1
159	907	1257	1
20	907	1257	1
907	159	1258	1
907	20	1258	1
794	88	1259	1
794	158	1259	1
89	88	1259	1
89	158	1259	1
88	794	1260	1
158	794	1260	1
88	89	1260	1
158	89	1260	1
1012	1013	1261	1
1012	794	1261	1
88	1013	1261	1
88	794	1261	1
1013	1012	1262	1
794	1012	1262	1
1013	88	1262	1
794	88	1262	1
17	19	1263	1
17	1064	1263	1
406	19	1263	1
406	1064	1263	1
17	19	1264	1
17	505	1264	1
601	19	1264	1
601	505	1264	1
19	601	1265	1
505	601	1265	1
232	313	1266	1
232	13	1266	1
232	24	1266	1
1	313	1266	1
1	13	1266	1
1	24	1266	1
7	313	1266	1
7	13	1266	1
7	24	1266	1
847	1147	1267	1
847	19	1267	1
17	1147	1267	1
17	19	1267	1
1147	847	1268	1
19	847	1268	1
2	8	1269	1
2	1169	1269	1
1168	8	1269	1
1168	1169	1269	1
1	8	1269	1
1	1169	1269	1
1024	575	1270	1
891	685	1271	1
2	12	1272	1
2	914	1272	1
963	12	1272	1
963	914	1272	1
914	963	1273	1
612	329	1275	1
612	5	1275	1
612	59	1275	1
6	329	1275	1
6	5	1275	1
6	59	1275	1
329	612	1276	1
1106	1152	1277	1
1	1152	1277	1
29	20	1278	1
54	20	1278	1
1137	1138	1279	1
1137	11	1279	1
1137	13	1279	1
1	1138	1279	1
1	11	1279	1
1	13	1279	1
628	257	1280	1
628	89	1280	1
257	628	1281	1
89	628	1281	1
7	218	1282	1
61	218	1282	1
1082	974	1283	1
1082	107	1283	1
1082	1	1283	1
106	974	1283	1
106	107	1283	1
106	1	1283	1
59	974	1283	1
59	107	1283	1
59	1	1283	1
7	974	1283	1
7	107	1283	1
7	1	1283	1
1180	739	1284	1
1180	46	1284	1
1180	1	1284	1
497	739	1284	1
497	46	1284	1
497	1	1284	1
7	739	1284	1
7	46	1284	1
7	1	1284	1
2	1170	1286	1
2	112	1286	1
369	1170	1286	1
369	112	1286	1
1170	369	1287	1
112	369	1287	1
343	815	1288	1
343	13	1288	1
343	24	1288	1
1	815	1288	1
1	13	1288	1
1	24	1288	1
7	815	1288	1
7	13	1288	1
7	24	1288	1
1065	28	1289	1
1065	206	1289	1
1	28	1289	1
1	206	1289	1
63	21	1290	1
63	4	1290	1
63	59	1290	1
10	21	1290	1
10	4	1290	1
10	59	1290	1
3	21	1290	1
3	4	1290	1
3	59	1290	1
21	63	1291	1
20	891	1292	1
50	20	1293	1
50	13	1293	1
353	658	1294	1
353	1	1294	1
1076	1078	1295	1
1076	107	1295	1
1076	1	1295	1
106	1078	1295	1
106	107	1295	1
106	1	1295	1
59	1078	1295	1
59	107	1295	1
59	1	1295	1
7	1078	1295	1
7	107	1295	1
7	1	1295	1
300	1186	1296	1
300	1	1296	1
300	6	1296	1
7	1186	1296	1
7	1	1296	1
7	6	1296	1
5	1186	1296	1
5	1	1296	1
5	6	1296	1
59	1186	1296	1
59	1	1296	1
59	6	1296	1
1182	1185	1297	1
629	499	1298	1
2	8	1299	1
2	993	1299	1
962	8	1299	1
962	993	1299	1
8	962	1300	1
993	962	1300	1
205	280	1301	1
205	11	1301	1
205	4	1301	1
205	59	1301	1
10	280	1301	1
10	11	1301	1
10	4	1301	1
10	59	1301	1
3	280	1301	1
3	11	1301	1
3	4	1301	1
3	59	1301	1
204	71	1302	1
204	492	1302	1
129	71	1302	1
129	492	1302	1
431	442	1304	1
431	4	1304	1
431	59	1304	1
3	442	1304	1
3	4	1304	1
3	59	1304	1
1	442	1304	1
1	4	1304	1
1	59	1304	1
814	264	1305	1
814	4	1305	1
814	59	1305	1
3	264	1305	1
3	4	1305	1
3	59	1305	1
1	264	1305	1
1	4	1305	1
1	59	1305	1
814	264	1306	1
814	5	1306	1
814	59	1306	1
6	264	1306	1
6	5	1306	1
6	59	1306	1
1	264	1306	1
1	5	1306	1
1	59	1306	1
474	93	1307	1
93	474	1308	1
570	1071	1309	1
765	551	1310	1
765	21	1310	1
779	551	1311	1
722	679	1312	1
722	4	1312	1
722	59	1312	1
3	679	1312	1
3	4	1312	1
3	59	1312	1
1	679	1312	1
1	4	1312	1
1	59	1312	1
894	1174	1313	1
894	43	1313	1
672	1174	1313	1
672	43	1313	1
1143	564	1314	1
1143	9	1314	1
1	564	1314	1
1	9	1314	1
1174	1175	1315	1
1174	43	1315	1
672	1175	1315	1
672	43	1315	1
1090	968	1316	1
1090	3	1316	1
4	968	1316	1
4	3	1316	1
59	968	1316	1
59	3	1316	1
976	132	1317	1
976	13	1317	1
1	132	1317	1
1	13	1317	1
56	1204	1318	1
56	6	1318	1
56	1	1318	1
5	1204	1318	1
5	6	1318	1
5	1	1318	1
59	1204	1318	1
59	6	1318	1
59	1	1318	1
7	1204	1318	1
7	6	1318	1
7	1	1318	1
317	493	1319	1
317	9	1319	1
1	493	1319	1
1	9	1319	1
875	22	1320	1
875	33	1320	1
1	22	1320	1
1	33	1320	1
68	33	1321	1
68	208	1321	1
122	33	1321	1
122	208	1321	1
33	68	1322	1
208	68	1322	1
33	122	1322	1
208	122	1322	1
55	12	1323	1
55	34	1323	1
710	12	1323	1
710	34	1323	1
34	710	1324	1
34	315	1325	1
34	14	1325	1
1	315	1325	1
1	14	1325	1
34	142	1326	1
142	34	1327	1
463	1196	1328	1
348	44	1329	1
348	200	1329	1
146	44	1329	1
146	200	1329	1
44	348	1330	1
200	348	1330	1
44	146	1330	1
200	146	1330	1
281	260	1331	1
281	1	1331	1
7	260	1331	1
7	1	1331	1
7	531	1332	1
7	1	1332	1
67	531	1332	1
67	1	1332	1
98	191	1333	1
98	9	1333	1
1	191	1333	1
1	9	1333	1
733	98	1334	1
357	855	1335	1
357	3	1335	1
59	855	1335	1
59	3	1335	1
4	855	1335	1
4	3	1335	1
407	1157	1336	1
7	1157	1336	1
1157	487	1337	1
1157	44	1337	1
1	487	1337	1
1	44	1337	1
3	18	1338	1
3	253	1338	1
1	18	1338	1
1	253	1338	1
185	184	1339	1
185	61	1339	1
185	1	1339	1
58	184	1339	1
58	61	1339	1
58	1	1339	1
7	184	1339	1
7	61	1339	1
7	1	1339	1
184	58	1340	1
61	58	1340	1
759	572	1341	1
759	4	1341	1
759	59	1341	1
3	572	1341	1
3	4	1341	1
3	59	1341	1
1	572	1341	1
1	4	1341	1
1	59	1341	1
571	642	1342	1
7	642	1342	1
184	185	1343	1
184	3	1343	1
4	185	1343	1
4	3	1343	1
59	185	1343	1
59	3	1343	1
81	1163	1345	1
81	4	1345	1
81	59	1345	1
681	1163	1345	1
681	4	1345	1
681	59	1345	1
3	1163	1345	1
3	4	1345	1
3	59	1345	1
1142	1083	1346	1
1142	5	1346	1
1142	59	1346	1
6	1083	1346	1
6	5	1346	1
6	59	1346	1
324	1081	1347	1
324	11	1347	1
52	1081	1347	1
52	11	1347	1
160	1079	1348	1
160	11	1348	1
52	1079	1348	1
52	11	1348	1
82	1216	1349	1
82	11	1349	1
52	1216	1349	1
52	11	1349	1
782	503	1350	1
2	8	1351	1
2	9	1351	1
2	1214	1351	1
22	8	1351	1
22	9	1351	1
22	1214	1351	1
532	8	1351	1
532	9	1351	1
532	1214	1351	1
532	82	1352	1
532	22	1352	1
23	82	1352	1
23	22	1352	1
82	532	1353	1
22	532	1353	1
82	23	1353	1
22	23	1353	1
2	18	1354	1
2	12	1354	1
2	619	1354	1
206	18	1354	1
206	12	1354	1
206	619	1354	1
38	18	1354	1
38	12	1354	1
38	619	1354	1
18	206	1355	1
619	206	1355	1
18	38	1355	1
619	38	1355	1
31	1074	1356	1
31	24	1356	1
7	1074	1356	1
7	24	1356	1
151	51	1357	1
151	13	1357	1
151	1166	1357	1
151	59	1357	1
1	51	1357	1
1	13	1357	1
1	1166	1357	1
1	59	1357	1
1165	51	1357	1
1165	13	1357	1
1165	1166	1357	1
1165	59	1357	1
51	151	1358	1
1166	151	1358	1
51	1165	1358	1
1166	1165	1358	1
51	44	1359	1
51	4	1359	1
51	59	1359	1
3	44	1359	1
3	4	1359	1
3	59	1359	1
1	44	1359	1
1	4	1359	1
1	59	1359	1
100	51	1360	1
100	1	1360	1
24	51	1360	1
24	1	1360	1
77	321	1361	1
321	77	1362	1
48	12	1363	1
48	272	1363	1
77	12	1363	1
77	272	1363	1
272	77	1364	1
903	824	1365	1
903	22	1365	1
836	545	1366	1
836	22	1366	1
249	1195	1367	1
249	1	1367	1
20	1195	1367	1
20	1	1367	1
666	812	1368	1
666	11	1368	1
338	20	1369	1
338	13	1369	1
671	703	1370	1
671	1	1370	1
703	671	1371	1
701	706	1372	1
701	22	1372	1
23	706	1372	1
23	22	1372	1
706	701	1373	1
22	701	1373	1
706	23	1373	1
22	23	1373	1
701	33	1374	1
701	319	1374	1
1	33	1374	1
1	319	1374	1
33	701	1375	1
319	701	1375	1
319	328	1376	1
328	319	1377	1
438	456	1378	1
438	5	1378	1
438	59	1378	1
6	456	1378	1
6	5	1378	1
6	59	1378	1
456	438	1379	1
2	8	1380	1
2	754	1380	1
755	8	1380	1
755	754	1380	1
8	755	1381	1
754	755	1381	1
742	93	1382	1
742	729	1382	1
93	742	1383	1
729	742	1383	1
137	1206	1384	1
137	4	1384	1
137	59	1384	1
3	1206	1384	1
3	4	1384	1
3	59	1384	1
460	705	1385	1
466	460	1386	1
466	13	1386	1
1	460	1386	1
1	13	1386	1
375	130	1387	1
375	4	1387	1
375	59	1387	1
3	130	1387	1
3	4	1387	1
3	59	1387	1
130	375	1388	1
131	244	1389	1
131	13	1389	1
1	244	1389	1
1	13	1389	1
351	586	1390	1
801	995	1391	1
7	355	1392	1
7	1	1392	1
218	355	1392	1
218	1	1392	1
310	820	1393	1
310	334	1393	1
310	24	1393	1
310	59	1393	1
7	820	1393	1
7	334	1393	1
7	24	1393	1
7	59	1393	1
820	310	1394	1
639	311	1395	1
639	11	1395	1
1030	1032	1396	1
39	1032	1396	1
396	407	1397	1
396	3	1397	1
396	11	1397	1
396	1	1397	1
4	407	1397	1
4	3	1397	1
4	11	1397	1
4	1	1397	1
7	407	1397	1
7	3	1397	1
7	11	1397	1
7	1	1397	1
59	407	1397	1
59	3	1397	1
59	11	1397	1
59	1	1397	1
208	429	1398	1
208	429	1399	1
109	133	1400	1
478	703	1401	1
7	703	1401	1
370	350	1402	1
370	20	1402	1
50	521	1403	1
50	1	1403	1
521	50	1404	1
23	793	1405	1
23	11	1405	1
52	793	1405	1
52	11	1405	1
540	366	1406	1
540	11	1406	1
557	157	1407	1
557	1	1407	1
318	320	1408	1
318	5	1408	1
6	320	1408	1
6	5	1408	1
59	320	1408	1
59	5	1408	1
320	318	1409	1
229	80	1410	1
229	13	1410	1
1	80	1410	1
1	13	1410	1
240	80	1411	1
240	4	1411	1
240	59	1411	1
3	80	1411	1
3	4	1411	1
3	59	1411	1
80	240	1412	1
233	324	1413	1
233	22	1413	1
23	324	1413	1
23	22	1413	1
324	233	1414	1
22	233	1414	1
324	23	1414	1
22	23	1414	1
476	13	1415	1
476	11	1415	1
190	13	1415	1
190	11	1415	1
59	13	1415	1
59	11	1415	1
233	324	1416	1
233	13	1416	1
233	4	1416	1
233	59	1416	1
3	324	1416	1
3	13	1416	1
3	4	1416	1
3	59	1416	1
1	324	1416	1
1	13	1416	1
1	4	1416	1
1	59	1416	1
324	233	1417	1
570	409	1418	1
160	94	1419	1
619	93	1420	1
619	47	1420	1
93	619	1421	1
47	619	1421	1
653	93	1422	1
653	18	1422	1
93	653	1423	1
18	653	1423	1
114	93	1424	1
114	1	1424	1
93	114	1425	1
891	757	1426	1
891	20	1426	1
52	757	1426	1
52	20	1426	1
757	891	1427	1
20	891	1427	1
669	542	1428	1
542	669	1429	1
2	18	1430	1
2	54	1430	1
2	9	1430	1
20	18	1430	1
20	54	1430	1
20	9	1430	1
1	18	1430	1
1	54	1430	1
1	9	1430	1
18	20	1431	1
54	20	1431	1
817	818	1432	1
817	13	1432	1
817	24	1432	1
7	818	1432	1
7	13	1432	1
7	24	1432	1
732	694	1433	1
732	1	1433	1
732	9	1433	1
1066	694	1433	1
1066	1	1433	1
1066	9	1433	1
815	816	1434	1
815	59	1434	1
815	4	1434	1
3	816	1434	1
3	59	1434	1
3	4	1434	1
1	816	1434	1
1	59	1434	1
1	4	1434	1
821	819	1435	1
954	277	1436	1
954	21	1436	1
10	277	1436	1
10	21	1436	1
277	954	1437	1
21	954	1437	1
490	108	1438	1
1	108	1438	1
31	37	1439	1
31	13	1439	1
31	24	1439	1
1	37	1439	1
1	13	1439	1
1	24	1439	1
7	37	1439	1
7	13	1439	1
7	24	1439	1
114	30	1440	1
114	24	1440	1
7	30	1440	1
7	24	1440	1
1085	10	1441	1
1085	925	1441	1
1	10	1441	1
1	925	1441	1
236	10	1442	1
236	481	1442	1
1	10	1442	1
1	481	1442	1
509	10	1443	1
509	922	1443	1
1	10	1443	1
1	922	1443	1
275	10	1444	1
275	336	1444	1
1	10	1444	1
1	336	1444	1
510	10	1445	1
510	486	1445	1
1	10	1445	1
1	486	1445	1
959	1002	1446	1
959	1	1446	1
39	1002	1446	1
39	1	1446	1
1002	959	1447	1
959	1123	1448	1
959	3	1448	1
4	1123	1448	1
4	3	1448	1
59	1123	1448	1
59	3	1448	1
1123	959	1449	1
620	876	1450	1
620	22	1450	1
23	876	1450	1
23	22	1450	1
876	620	1451	1
22	620	1451	1
876	23	1451	1
22	23	1451	1
703	692	1452	1
692	703	1453	1
39	477	1454	1
39	498	1454	1
103	344	1455	1
103	13	1455	1
344	103	1456	1
501	103	1457	1
501	4	1457	1
501	59	1457	1
1	103	1457	1
1	4	1457	1
1	59	1457	1
3	103	1457	1
3	4	1457	1
3	59	1457	1
900	901	1458	1
900	9	1458	1
1	901	1458	1
1	9	1458	1
900	899	1459	1
900	22	1459	1
23	899	1459	1
23	22	1459	1
899	900	1460	1
22	900	1460	1
899	23	1460	1
22	23	1460	1
392	242	1461	1
392	13	1461	1
1	242	1461	1
1	13	1461	1
327	243	1462	1
327	1	1462	1
327	11	1462	1
1051	1057	1463	1
1051	467	1463	1
39	1057	1463	1
39	467	1463	1
1057	1051	1464	1
565	877	1465	1
565	13	1465	1
565	24	1465	1
1	877	1465	1
1	13	1465	1
1	24	1465	1
7	877	1465	1
7	13	1465	1
7	24	1465	1
1057	1055	1466	1
1057	467	1466	1
39	1055	1466	1
39	467	1466	1
1055	1057	1467	1
252	677	1468	1
252	12	1468	1
97	677	1468	1
97	12	1468	1
1129	1130	1469	1
1129	13	1469	1
1129	24	1469	1
1	1130	1469	1
1	13	1469	1
1	24	1469	1
7	1130	1469	1
7	13	1469	1
7	24	1469	1
2	8	1470	1
2	9	1470	1
2	126	1470	1
190	8	1470	1
190	9	1470	1
190	126	1470	1
13	8	1470	1
13	9	1470	1
13	126	1470	1
8	697	1472	1
721	697	1472	1
22	697	1472	1
8	49	1472	1
721	49	1472	1
22	49	1472	1
399	210	1473	1
399	65	1473	1
1	210	1473	1
1	65	1473	1
211	246	1474	1
1	246	1474	1
246	211	1475	1
58	61	1476	1
58	1063	1476	1
185	61	1476	1
185	1063	1476	1
7	61	1476	1
7	1063	1476	1
966	1162	1477	1
966	153	1477	1
1	1162	1477	1
1	153	1477	1
309	140	1478	1
140	309	1479	1
359	1007	1480	1
359	1	1480	1
1007	329	1481	1
1100	1099	1482	1
1100	1	1482	1
1099	1100	1483	1
1097	1098	1484	1
1097	21	1484	1
30	38	1485	1
30	174	1485	1
356	38	1485	1
356	174	1485	1
38	30	1486	1
174	30	1486	1
38	356	1486	1
174	356	1486	1
1179	1194	1487	1
1179	4	1487	1
1179	59	1487	1
3	1194	1487	1
3	4	1487	1
3	59	1487	1
1194	1179	1488	1
2	8	1489	1
2	9	1489	1
2	749	1489	1
748	8	1489	1
748	9	1489	1
748	749	1489	1
393	8	1489	1
393	9	1489	1
393	749	1489	1
662	109	1490	1
662	1	1490	1
2	12	1491	1
2	826	1491	1
832	12	1491	1
832	826	1491	1
2	8	1493	1
2	831	1493	1
826	8	1493	1
826	831	1493	1
8	826	1494	1
831	826	1494	1
669	637	1495	1
898	20	1496	1
20	898	1497	1
24	7	1498	1
24	1	1498	1
54	30	1499	1
2	8	1500	1
2	9	1500	1
2	30	1500	1
20	8	1500	1
20	9	1500	1
20	30	1500	1
190	8	1500	1
190	9	1500	1
190	30	1500	1
8	20	1501	1
30	20	1501	1
30	114	1502	1
2	8	1503	1
2	54	1503	1
2	11	1503	1
30	8	1503	1
30	54	1503	1
30	11	1503	1
8	30	1504	1
54	30	1504	1
534	30	1505	1
534	13	1505	1
1	30	1505	1
1	13	1505	1
1118	1113	1506	1
1118	4	1506	1
1118	11	1506	1
1118	59	1506	1
3	1113	1506	1
3	4	1506	1
3	11	1506	1
3	59	1506	1
1119	1113	1507	1
1119	4	1507	1
1119	11	1507	1
1119	59	1507	1
3	1113	1507	1
3	4	1507	1
3	11	1507	1
3	59	1507	1
536	1119	1508	1
536	3	1508	1
4	1119	1508	1
4	3	1508	1
59	1119	1508	1
59	3	1508	1
7	1119	1508	1
7	3	1508	1
1117	1112	1509	1
1117	4	1509	1
1117	11	1509	1
1117	59	1509	1
3	1112	1509	1
3	4	1509	1
3	11	1509	1
3	59	1509	1
1114	1116	1510	1
1116	1114	1511	1
1112	1115	1512	1
7	1115	1512	1
17	19	1513	1
17	921	1513	1
919	19	1513	1
919	921	1513	1
19	919	1514	1
921	919	1514	1
788	187	1515	1
788	158	1515	1
89	187	1515	1
89	158	1515	1
187	788	1516	1
158	788	1516	1
187	89	1516	1
158	89	1516	1
623	372	1517	1
889	1028	1518	1
1028	889	1519	1
1028	890	1520	1
888	887	1521	1
95	390	1522	1
390	95	1523	1
21	28	1524	1
21	587	1524	1
554	28	1524	1
554	587	1524	1
28	21	1525	1
587	21	1525	1
28	554	1525	1
587	554	1525	1
700	555	1526	1
700	1	1526	1
555	700	1527	1
564	1218	1528	1
564	8	1528	1
2	1218	1528	1
2	8	1528	1
1218	564	1529	1
8	564	1529	1
1218	405	1530	1
1218	12	1530	1
55	405	1530	1
55	12	1530	1
405	1218	1531	1
1219	130	1532	1
1219	4	1532	1
1219	59	1532	1
3	130	1532	1
3	4	1532	1
3	59	1532	1
130	1219	1533	1
2	18	1534	1
2	762	1534	1
2	9	1534	1
480	18	1534	1
480	762	1534	1
480	9	1534	1
1	18	1534	1
1	762	1534	1
1	9	1534	1
771	503	1536	1
771	21	1536	1
53	235	1537	1
53	1144	1537	1
235	53	1538	1
1144	53	1538	1
73	527	1539	1
1144	527	1539	1
77	69	1540	1
69	77	1541	1
606	267	1542	1
606	4	1542	1
606	59	1542	1
3	267	1542	1
3	4	1542	1
3	59	1542	1
1	267	1542	1
1	4	1542	1
1	59	1542	1
2	8	1543	1
2	9	1543	1
2	282	1543	1
268	8	1543	1
268	9	1543	1
268	282	1543	1
10	8	1543	1
10	9	1543	1
10	282	1543	1
8	268	1544	1
282	268	1544	1
269	20	1545	1
269	13	1545	1
269	504	1545	1
1	20	1545	1
1	13	1545	1
1	504	1545	1
20	269	1546	1
504	269	1546	1
54	719	1547	1
54	9	1547	1
34	719	1547	1
34	9	1547	1
55	79	1548	1
55	12	1548	1
1	79	1548	1
1	12	1548	1
245	28	1549	1
245	56	1549	1
1	28	1549	1
1	56	1549	1
888	75	1550	1
888	11	1550	1
888	4	1550	1
888	59	1550	1
10	75	1550	1
10	11	1550	1
10	4	1550	1
10	59	1550	1
3	75	1550	1
3	11	1550	1
3	4	1550	1
3	59	1550	1
1164	984	1552	1
39	984	1552	1
984	1164	1553	1
609	436	1555	1
75	523	1556	1
30	523	1556	1
166	111	1557	1
90	111	1557	1
111	231	1558	1
111	9	1558	1
1	231	1558	1
1	9	1558	1
110	76	1559	1
110	387	1559	1
109	76	1559	1
109	387	1559	1
1	76	1559	1
1	387	1559	1
387	110	1560	1
387	109	1560	1
110	248	1561	1
31	110	1562	1
31	13	1562	1
31	11	1562	1
31	4	1562	1
31	59	1562	1
76	110	1562	1
76	13	1562	1
76	11	1562	1
76	4	1562	1
76	59	1562	1
3	110	1562	1
3	13	1562	1
3	11	1562	1
3	4	1562	1
3	59	1562	1
110	31	1563	1
110	250	1564	1
110	5	1564	1
6	250	1564	1
6	5	1564	1
250	110	1565	1
694	175	1566	1
694	732	1566	1
917	414	1567	1
917	502	1567	1
1	414	1567	1
1	502	1567	1
332	723	1568	1
332	4	1568	1
332	59	1568	1
3	723	1568	1
3	4	1568	1
3	59	1568	1
723	332	1569	1
910	28	1570	1
910	13	1570	1
1	28	1570	1
1	13	1570	1
161	76	1571	1
161	697	1571	1
655	76	1571	1
655	697	1571	1
697	161	1572	1
697	655	1572	1
38	93	1573	1
38	13	1573	1
93	38	1574	1
2	8	1575	1
2	9	1575	1
2	39	1575	1
322	8	1575	1
322	9	1575	1
322	39	1575	1
31	8	1575	1
31	9	1575	1
31	39	1575	1
39	477	1576	1
39	22	1576	1
1	477	1576	1
1	22	1576	1
674	457	1577	1
973	1075	1578	1
973	107	1578	1
973	1	1578	1
106	1075	1578	1
106	107	1578	1
106	1	1578	1
59	1075	1578	1
59	107	1578	1
59	1	1578	1
7	1075	1578	1
7	107	1578	1
7	1	1578	1
186	312	1579	1
312	186	1580	1
186	788	1581	1
788	186	1582	1
870	871	1583	1
870	44	1583	1
1	871	1583	1
1	44	1583	1
876	875	1584	1
876	4	1584	1
876	59	1584	1
3	875	1584	1
3	4	1584	1
3	59	1584	1
1	875	1584	1
1	4	1584	1
1	59	1584	1
871	904	1585	1
904	871	1586	1
273	237	1587	1
2	8	1588	1
2	9	1588	1
2	237	1588	1
377	8	1588	1
377	9	1588	1
377	237	1588	1
22	8	1588	1
22	9	1588	1
22	237	1588	1
138	935	1589	1
138	843	1589	1
111	935	1589	1
111	843	1589	1
935	138	1590	1
843	138	1590	1
935	111	1590	1
843	111	1590	1
934	935	1591	1
934	12	1591	1
35	935	1591	1
35	12	1591	1
935	934	1592	1
933	934	1593	1
933	8	1593	1
2	934	1593	1
2	8	1593	1
934	933	1594	1
8	933	1594	1
930	931	1595	1
930	285	1595	1
2	931	1595	1
2	285	1595	1
931	930	1596	1
928	929	1597	1
928	9	1597	1
928	8	1597	1
928	59	1597	1
128	929	1597	1
128	9	1597	1
128	8	1597	1
128	59	1597	1
2	929	1597	1
2	9	1597	1
2	8	1597	1
2	59	1597	1
1	929	1597	1
1	9	1597	1
1	8	1597	1
1	59	1597	1
929	928	1598	1
8	928	1598	1
2	8	1599	1
2	438	1599	1
153	8	1599	1
153	438	1599	1
8	153	1600	1
438	153	1600	1
183	153	1601	1
153	183	1602	1
2	8	1603	1
2	9	1603	1
2	731	1603	1
865	8	1603	1
865	9	1603	1
865	731	1603	1
393	8	1603	1
393	9	1603	1
393	731	1603	1
110	76	1604	1
110	224	1604	1
110	6	1604	1
225	76	1604	1
225	224	1604	1
225	6	1604	1
5	76	1604	1
5	224	1604	1
5	6	1604	1
59	76	1604	1
59	224	1604	1
59	6	1604	1
1125	1124	1605	1
933	934	1606	1
933	29	1606	1
35	934	1606	1
35	29	1606	1
934	933	1607	1
29	933	1607	1
1219	1220	1608	1
1	1220	1608	1
1220	1219	1609	1
272	451	1610	1
272	1	1610	1
57	232	1611	1
57	11	1611	1
384	557	1612	1
384	1	1612	1
557	384	1613	1
730	384	1614	1
730	9	1614	1
376	86	1615	1
376	45	1615	1
1	86	1615	1
1	45	1615	1
86	376	1616	1
635	113	1617	1
657	113	1618	1
147	112	1619	1
147	92	1619	1
1	112	1619	1
1	92	1619	1
112	180	1620	1
112	13	1620	1
1	180	1620	1
1	13	1620	1
825	31	1621	1
825	9	1621	1
7	31	1621	1
7	9	1621	1
134	26	1622	1
1	26	1622	1
469	906	1623	1
469	12	1623	1
1	906	1623	1
1	12	1623	1
2	8	1624	1
2	469	1624	1
468	8	1624	1
468	469	1624	1
8	468	1625	1
469	468	1625	1
193	473	1626	1
193	384	1626	1
85	473	1626	1
85	384	1626	1
423	192	1627	1
423	90	1627	1
12	192	1627	1
12	90	1627	1
192	423	1628	1
90	423	1628	1
194	80	1629	1
194	306	1629	1
9	80	1629	1
9	306	1629	1
80	194	1630	1
306	194	1630	1
1101	1100	1631	1
1101	1102	1632	1
1101	21	1632	1
2	18	1633	1
2	741	1633	1
464	18	1633	1
464	741	1633	1
18	464	1634	1
741	464	1634	1
747	182	1635	1
747	464	1635	1
182	747	1636	1
464	747	1636	1
690	465	1637	1
465	690	1638	1
1111	589	1639	1
1111	21	1639	1
10	589	1639	1
10	21	1639	1
561	479	1640	1
561	4	1640	1
561	59	1640	1
1	479	1640	1
1	4	1640	1
1	59	1640	1
3	479	1640	1
3	4	1640	1
3	59	1640	1
561	479	1641	1
561	5	1641	1
561	59	1641	1
1	479	1641	1
1	5	1641	1
1	59	1641	1
6	479	1641	1
6	5	1641	1
6	59	1641	1
1111	1109	1642	1
1108	1109	1643	1
1	1109	1643	1
1109	1108	1644	1
1107	1110	1645	1
1107	21	1645	1
10	1110	1645	1
10	21	1645	1
2	285	1646	1
2	138	1646	1
362	285	1646	1
362	138	1646	1
138	362	1647	1
786	835	1648	1
786	13	1648	1
786	82	1648	1
1	835	1648	1
1	13	1648	1
1	82	1648	1
835	786	1649	1
82	786	1649	1
2	9	1650	1
2	12	1650	1
2	829	1650	1
786	9	1650	1
786	12	1650	1
786	829	1650	1
1	9	1650	1
1	12	1650	1
1	829	1650	1
829	786	1651	1
1189	1193	1652	1
1189	13	1652	1
794	187	1653	1
794	64	1653	1
89	187	1653	1
89	64	1653	1
187	794	1654	1
64	794	1654	1
187	89	1654	1
64	89	1654	1
280	471	1655	1
280	366	1655	1
280	11	1655	1
15	471	1655	1
15	366	1655	1
15	11	1655	1
366	280	1656	1
1067	85	1657	1
1067	24	1657	1
1067	1	1657	1
7	85	1657	1
7	24	1657	1
7	1	1657	1
1006	1014	1658	1
1	1014	1658	1
69	456	1659	1
69	5	1659	1
69	59	1659	1
6	456	1659	1
6	5	1659	1
6	59	1659	1
456	69	1660	1
745	866	1661	1
745	14	1661	1
34	866	1661	1
34	14	1661	1
44	59	1662	1
44	11	1662	1
44	4	1662	1
3	59	1662	1
3	11	1662	1
3	4	1662	1
48	43	1664	1
48	12	1664	1
1	43	1664	1
1	12	1664	1
2	8	1665	1
2	84	1665	1
43	8	1665	1
43	84	1665	1
8	43	1666	1
84	43	1666	1
43	229	1667	1
43	88	1667	1
1	229	1667	1
1	88	1667	1
43	262	1668	1
43	9	1668	1
1	262	1668	1
1	9	1668	1
